size: [1339 4]
-0.059341244 0.006981323 -0.06981323 0
-0.031415954 -0.27576226 -0.10995584 9900000
-0.19373171 -0.39095408 -0.1361358 20000000
-0.4188794 -0.29845157 -0.16406108 29900000
-0.6248284 -0.07679455 -0.17627841 40000000
-0.7155856 0.09599319 -0.16406108 49900000
-0.6824243 0.0453786 -0.11519183 60000000
-0.54628855 -0.21293035 -0.033161283 69900000
-0.37699145 -0.49741927 0.034906615 80000000
-0.24958229 -0.68416965 0.07679455 89900000
-0.12566382 -0.77492684 0.078539886 100000000
-0.0453786 -0.7801629 0.052359924 109900000
-0.008726654 -0.7103496 -0.0017453308 120000000
-0.019198637 -0.6457724 -0.087266535 129900000
-0.05061459 -0.67369765 -0.19547704 140000000
-0.080285214 -0.7696909 -0.3071782 149900000
-0.043633267 -0.9145533 -0.4188794 160000000
0.0226893 -1.0489438 -0.4886926 169900000
0.11519183 -1.1327196 -0.49567392 180000000
0.14486246 -1.097813 -0.46251264 189900000
0.1134465 -0.9930932 -0.3857181 200000000
0.04886926 -0.7487469 -0.31939554 209900000
-0.02094397 -0.40142608 -0.26878095 220000000
-0.09599319 -0.06457724 -0.2443463 229900000
-0.17976907 0.2042037 -0.20594902 240000000
-0.20769437 0.3630288 -0.17627841 249900000
-0.19896771 0.44855002 -0.1588251 260000000
-0.17802374 0.464258 -0.1588251 269900000
-0.17453307 0.46076733 -0.16755176 280000000
-0.17278774 0.44680467 -0.17278774 289900000
-0.18325973 0.47472996 -0.16406108 300000000
-0.21816635 0.5637418 -0.16057043 309900000
-0.2670356 0.6824243 -0.14486246 320000000
-0.29321557 0.7714362 -0.14835311 329900000
-0.28448892 0.7714362 -0.1588251 340100000
-0.23038366 0.77492684 -0.16929708 349900000
-0.26529026 0.6143564 -0.120427825 360000000
-0.27401692 0.3700101 -0.10471985 369900000
-0.27401692 0.12391848 -0.15009844 380000000
-0.2042037 0.09250253 -0.11519183 389900000
-0.09599319 0.055850584 -0.080285214 400000000
-0.038397275 0.027925292 -0.031415954 409900000
0.0017453308 0.034906615 -0.040142607 420000000
0.07155856 0.12566382 -0.04712393 429900000
0.14486246 0.24260098 -0.09599319 440000000
0.16057043 0.34033948 -0.15707977 449900000
0.16929708 0.38920876 -0.1588251 460000000
0.18325973 0.42760605 -0.1815144 469900000
0.18849573 0.4939286 -0.18325973 480000000
0.16755176 0.464258 -0.17278774 489900000
0.12740915 0.3577928 -0.10122918 500000000
0.106465176 0.17278774 -0.0226893 509900000
0.1308998 -0.085521206 0.061086576 520000000
0.2548183 -0.42237005 0.10297451 529900000
0.39619008 -0.69115096 0.13788113 540000000
0.4206247 -0.75572824 0.17453307 549900000
0.26878095 -0.6318097 0.19373171 560000000
-0.017453307 -0.3246315 0.1815144 569900000
-0.31415954 0.029670622 0.17104241 580000000
-0.5201086 0.21293035 0.20245837 589900000
-0.52534455 0.10995584 0.26529026 600000000
-0.37175545 -0.14835311 0.31590486 609900000
-0.16231576 -0.4834566 0.35255682 620000000
-0.010471985 -0.72780293 0.37175545 629900000
0.07679455 -0.83077747 0.35430214 640000000
0.13439047 -0.7766722 0.3124142 649900000
0.106465176 -0.5567605 0.26529026 660000000
-0.02443463 -0.2094397 0.22863832 669900000
-0.2042037 0.15184377 0.2042037 680000000
-0.32637686 0.459022 0.18500505 689900000
-0.3298675 0.649263 0.15533444 700000000
-0.232129 0.7103496 0.12740915 709900000
-0.15184377 0.64053637 0.12217315 720000000
-0.09250253 0.46076733 0.106465176 729900000
-0.0680679 0.21293035 0.10471985 740000000
-0.052359924 -0.10471985 0.087266535 749900000
-0.066322565 -0.41713405 0.07155856 760000000
-0.085521206 -0.61610174 0.06283191 769900000
-0.10995584 -0.7801629 0.0680679 780000000
-0.1361358 -0.9093173 0.08203054 789900000
-0.11868249 -1.0053105 0.07155856 800000000
-0.061086576 -1.097813 0.052359924 809900000
0.031415954 -1.1170117 0.031415954 820000000
0.120427825 -1.1152663 0.0052359924 829900000
0.19198638 -1.0314904 -0.012217315 840000000
0.25656363 -0.89710003 -0.08203054 849900000
0.2600543 -0.75223756 -0.12217315 860000000
0.22863832 -0.6353004 -0.14137179 869900000
0.19373171 -0.5166179 -0.15009844 880000000
0.17453307 -0.4136434 -0.12915447 889900000
0.15009844 -0.30368754 -0.10995584 900000000
0.1588251 -0.17278774 -0.08203054 909900000
0.18500505 -0.09773852 -0.066322565 920000000
0.22165701 -0.010471985 -0.061086576 929900000
0.25656363 0.010471985 -0.061086576 940000000
0.28623423 0.019198637 -0.0680679 949900000
0.28099826 -0.02094397 -0.08901187 960000000
0.21642101 -0.1361358 -0.12566382 969900000
0.16929708 -0.28448892 -0.17278774 980000000
0.16580643 -0.45204067 -0.20245837 989900000
0.18325973 -0.5113819 -0.23561965 1000000000
0.20071304 -0.469494 -0.25656363 1009900000
0.21118502 -0.29147023 -0.2722716 1020000000
0.23038366 0.017453307 -0.30368754 1029900000
0.18849573 0.25830895 -0.33684883 1038900000
0.13439047 0.48520195 -0.35081148 1049900000
0.15707977 0.67718834 -0.3630288 1060000000
0.19722238 0.7225669 -0.37699145 1069900000
0.2617996 0.6824243 -0.37175545 1080000000
0.36477414 0.4939286 -0.36477414 1089900000
0.39968073 0.15009844 -0.33684883 1100000000
0.28972492 -0.13962646 -0.35255682 1109900000
0.04886926 -0.23561965 -0.43284202 1120000000
-0.19198638 -0.22514766 -0.49043795 1129900000
-0.34732082 -0.16231576 -0.47298464 1140000000
-0.35081148 -0.20594902 -0.3857181 1149900000
-0.17802374 -0.3106689 -0.29670623 1160000000
0.07155856 -0.3700101 -0.18849573 1169900000
0.25656363 -0.39095408 -0.10471985 1180000000
0.34208483 -0.39968073 -0.06457724 1189900000
0.35430214 -0.34906614 -0.078539886 1200000000
0.3351035 -0.28972492 -0.14311711 1209900000
0.24783696 -0.2443463 -0.20071304 1220000000
0.1308998 -0.26878095 -0.24958229 1229900000
0.02094397 -0.3857181 -0.30368754 1240000000
-0.04886926 -0.5305805 -0.34208483 1249900000
-0.0226893 -0.65624434 -0.34383017 1260000000
0.04712393 -0.73478425 -0.31939554 1271000000
0.09424786 -0.7190763 -0.28274357 1280000000
0.15184377 -0.6684617 -0.23387432 1289900000
0.20769437 -0.5305805 -0.18500505 1300000000
0.23736498 -0.3752461 -0.15707977 1309900000
0.23561965 -0.28797957 -0.13264513 1320000000
0.2548183 -0.25307295 -0.11170117 1329900000
0.31590486 -0.232129 -0.1134465 1340000000
0.34732082 -0.21467568 -0.09599319 1349900000
0.37175545 -0.25132763 -0.07679455 1360000000
0.40491673 -0.34557548 -0.066322565 1369900000
0.44331402 -0.43982336 -0.027925292 1380000000
0.49218327 -0.44855002 -0.026179962 1389900000
0.5602512 -0.46076733 -0.033161283 1400000000
0.60562974 -0.47472996 -0.031415954 1409900000
0.5881765 -0.4834566 -0.052359924 1420000000
0.5340712 -0.49567392 -0.08901187 1429900000
0.44331402 -0.4363327 -0.14311711 1440000000
0.3682648 -0.38222742 -0.20071304 1449900000
0.43284202 -0.34033948 -0.2443463 1460000000
0.5550152 -0.25307295 -0.27401692 1469900000
0.6108658 -0.18500505 -0.28623423 1480000000
0.5846858 -0.1134465 -0.26878095 1489900000
0.5375619 -0.06981323 -0.25132763 1500000000
0.49916458 -0.08901187 -0.2391103 1509900000
0.4782206 -0.10995584 -0.21991168 1520000000
0.5096366 -0.14137179 -0.21642101 1529900000
0.55326986 -0.18325973 -0.19024105 1540000000
0.6283191 -0.2094397 -0.15009844 1549900000
0.68067896 -0.1867504 -0.09424786 1560000000
0.67718834 -0.08901187 -0.06981323 1569900000
0.6457724 0.108210504 -0.0453786 1580000000
0.6143564 0.3228862 -0.043633267 1589900000
0.5672325 0.49043795 -0.057595916 1600000000
0.51836324 0.6073751 -0.06981323 1609900000
0.49043795 0.6527537 -0.07330389 1620000000
0.52534455 0.49916458 -0.04886926 1629900000
0.51312727 0.3351035 -0.034906615 1640000000
0.51312727 0.18849573 0.008726654 1649900000
0.59690315 0.08377588 0.0453786 1660000000
0.68067896 0.033161283 0.057595916 1669900000
0.70511365 0.04712393 0.08203054 1680000000
0.59690315 0.15533444 0.11693716 1689900000
0.31939554 0.34906614 0.13264513 1700000000
-0.052359924 0.5567605 0.14660779 1709900000
-0.3700101 0.7155856 0.16406108 1720000000
-0.4834566 0.6824243 0.20245837 1729900000
-0.41189805 0.51487255 0.2391103 1739900000
-0.13264513 0.232129 0.26529026 1749900000
0.19547704 -0.106465176 0.29670623 1760000000
0.40491673 -0.34732082 0.30892354 1769900000
0.4834566 -0.45204067 0.29845157 1780000000
0.41538873 -0.459022 0.28797957 1789900000
0.26878095 -0.30892354 0.24609163 1800000000
0.12391848 -0.12915447 0.19373171 1809900000
0.008726654 0.078539886 0.14137179 1820000000
-0.06981323 0.28972492 0.10471985 1829900000
-0.12217315 0.4188794 0.080285214 1840000000
-0.15707977 0.49567392 0.10297451 1849900000
-0.1815144 0.49741927 0.12217315 1860000000
-0.16231576 0.44680467 0.12566382 1869900000
-0.15707977 0.43284202 0.12217315 1880000000
-0.1588251 0.39095408 0.11693716 1889900000
-0.16057043 0.35430214 0.099483855 1900000000
-0.20071304 0.29147023 0.07679455 1909900000
-0.26529026 0.17976907 0.034906615 1920000000
-0.3577928 0.0907572 -0.0017453308 1929900000
-0.39444476 0.013962646 -0.02443463 1940000000
-0.33859417 0.040142607 -0.080285214 1949900000
-0.23736498 0.059341244 -0.099483855 1960000000
-0.15009844 0.0453786 -0.10995584 1969000000
-0.0907572 -0.008726654 -0.099483855 1980000000
-0.09599319 -0.05061459 -0.06981323 1989900000
-0.11519183 -0.061086576 -0.066322565 2000000000
-0.15184377 -0.052359924 -0.07504922 2009900000
-0.17802374 -0.07504922 -0.080285214 2020000000
-0.21293035 -0.13788113 -0.054105252 2029900000
-0.2600543 -0.18500505 -0.057595916 2040000000
-0.28797957 -0.22863832 -0.07504922 2049900000
-0.27925292 -0.19896771 -0.09773852 2060000000
-0.26529026 -0.15707977 -0.11693716 2069900000
-0.25307295 -0.08377588 -0.099483855 2080000000
-0.23038366 -0.034906615 -0.06981323 2089900000
-0.20594902 0.0034906615 -0.040142607 2100000000
-0.18849573 0.0226893 -0.031415954 2109900000
-0.17802374 0.0226893 -0.027925292 2120000000
-0.16755176 0.038397275 -0.040142607 2129900000
-0.1535891 0.040142607 -0.04886926 2140000000
-0.15009844 0.02443463 -0.052359924 2149900000
-0.14486246 0.02443463 -0.0453786 2160000000
-0.10122918 0.0052359924 -0.026179962 2169900000
-0.043633267 -0.040142607 -0.015707977 2180000000
-0.0034906615 -0.09773852 -0.012217315 2189900000
0.006981323 -0.04886926 -0.012217315 2200000000
0.008726654 0.12740915 -0.015707977 2209900000
-0.0017453308 0.3577928 0.0 2220000000
-0.033161283 0.5375619 0.008726654 2229900000
-0.0907572 0.6248284 0.0052359924 2240000000
-0.106465176 0.6126111 0.008726654 2249900000
-0.019198637 0.51312727 0.0017453308 2260000000
0.12740915 0.30892354 -0.013962646 2269900000
0.28099826 -0.008726654 -0.07155856 2280000000
0.42237005 -0.41538873 -0.13264513 2289900000
0.464258 -0.71733093 -0.22340234 2300000000
0.3577928 -0.81506944 -0.33335817 2309900000
0.26529026 -0.7487469 -0.39968073 2318900000
0.1308998 -0.53581655 -0.453786 2329900000
0.043633267 -0.24783696 -0.45553133 2340000000
-0.0052359924 0.08901187 -0.464258 2349900000
-0.040142607 0.44680467 -0.44680467 2360000000
-0.06981323 0.70162296 -0.3804821 2369900000
-0.11868249 0.88662803 -0.31415954 2380000000
-0.15184377 0.9372426 -0.25656363 2389900000
-0.16231576 0.8779014 -0.17453307 2400000000
-0.17627841 0.70162296 -0.09773852 2409900000
-0.20594902 0.43982336 -0.04188794 2420000000
-0.21991168 0.21991168 -0.019198637 2429900000
-0.16929708 0.0453786 -0.040142607 2440000000
-0.11693716 -0.066322565 -0.06981323 2449900000
-0.09599319 -0.10297451 -0.10471985 2460000000
-0.09424786 -0.055850584 -0.16406108 2469900000
-0.09599319 0.0 -0.22165701 2480000000
-0.07155856 -0.008726654 -0.2600543 2489900000
-0.05061459 -0.057595916 -0.29147023 2500000000
-0.036651947 -0.14835311 -0.30368754 2509900000
-0.031415954 -0.24958229 -0.26878095 2519900000
-0.012217315 -0.32114086 -0.23038366 2529900000
-0.0034906615 -0.39793542 -0.17278774 2540000000
0.0034906615 -0.43807802 -0.12566382 2549900000
0.012217315 -0.4363327 -0.10122918 2560000000
0.006981323 -0.38397276 -0.0907572 2569900000
0.02094397 -0.36477414 -0.07679455 2580000000
0.066322565 -0.3351035 -0.066322565 2589900000
0.0907572 -0.18325973 -0.04712393 2600000000
0.09424786 0.02094397 -0.055850584 2609900000
0.04188794 0.21991168 -0.043633267 2620000000
-0.0034906615 0.40491673 -0.02443463 2629900000
-0.036651947 0.5393072 0.013962646 2640000000
-0.08901187 0.6178471 0.034906615 2649900000
-0.14486246 0.64053637 0.015707977 2660000000
-0.18849573 0.6248284 -0.02443463 2669900000
-0.23038366 0.54803383 -0.057595916 2680000000
-0.23736498 0.41538873 -0.080285214 2689900000
-0.17278774 0.30892354 -0.07330389 2700000000
-0.14137179 0.232129 -0.0226893 2709900000
-0.13264513 0.20245837 0.043633267 2720000000
-0.10122918 0.226893 0.09250253 2729900000
-0.06283191 0.24958229 0.12566382 2740000000
-0.02443463 0.27925292 0.1308998 2749900000
0.0034906615 0.23736498 0.099483855 2760000000
0.0052359924 0.16406108 0.07155856 2769900000
-0.0052359924 0.07155856 0.043633267 2780000000
-0.043633267 -0.006981323 0.02443463 2789900000
-0.07155856 -0.054105252 0.013962646 2800000000
-0.08377588 -0.034906615 0.010471985 2809900000
-0.055850584 0.06283191 0.019198637 2820000000
-0.0034906615 0.22514766 0.04188794 2829900000
0.07155856 0.34208483 0.0907572 2840000000
0.20245837 0.4206247 0.1134465 2849900000
0.29845157 0.45029533 0.14311711 2860000000
0.232129 0.49043795 0.17104241 2869900000
0.055850584 0.5619965 0.19896771 2880000000
-0.16755176 0.6632257 0.18325973 2889900000
-0.34732082 0.70685893 0.17627841 2900000000
-0.39444476 0.6300644 0.18500505 2909900000
-0.30892354 0.39793542 0.20245837 2920000000
-0.15707977 0.09599319 0.21118502 2929900000
-0.012217315 -0.11693716 0.21293035 2940000000
0.0453786 -0.19024105 0.17104241 2949900000
0.006981323 -0.19198638 0.13439047 2960000000
-0.099483855 -0.10297451 0.08203054 2969900000
-0.22863832 -0.006981323 0.04188794 2980000000
-0.32637686 0.08203054 0.013962646 2989900000
-0.38920876 0.16929708 -0.0052359924 3000000000
-0.39269942 0.24783696 -0.0052359924 3009900000
-0.34732082 0.3176502 0.019198637 3020000000
-0.24609163 0.3735008 0.027925292 3029900000
-0.120427825 0.453786 0.033161283 3040000000
-0.02094397 0.54279786 0.040142607 3049900000
0.036651947 0.659735 0.054105252 3060000000
0.043633267 0.7662002 0.06283191 3069900000
0.0052359924 0.8447401 0.080285214 3080000000
-0.059341244 0.8377588 0.07679455 3089900000
-0.11868249 0.72431225 0.05061459 3100000000
-0.15009844 0.44855002 0.013962646 3109900000
-0.120427825 0.09424786 0.0034906615 3120000000
-0.08901187 -0.35430214 -0.029670622 3129900000
-0.059341244 -0.75572824 -0.08377588 3140000000
-0.036651947 -0.9424786 -0.0907572 3149900000
0.02094397 -1.0000745 -0.11693716 3160000000
0.08901187 -1.0210185 -0.11868249 3169900000
0.15533444 -1.0297451 -0.106465176 3180000000
0.19722238 -0.9320066 -0.120427825 3189900000
0.18500505 -0.8848827 -0.1535891 3200000000
0.13962646 -0.83601344 -0.15707977 3209900000
0.13439047 -0.75572824 -0.1867504 3220000000
0.13962646 -0.659735 -0.20245837 3229900000
0.17976907 -0.5602512 -0.20245837 3240000000
0.21642101 -0.5009099 -0.21118502 3248900000
0.28448892 -0.45727664 -0.16406108 3260000000
0.3577928 -0.4188794 -0.13439047 3269900000
0.39619008 -0.38397276 -0.11170117 3280000000
0.3682648 -0.36477414 -0.09773852 3289900000
0.29321557 -0.37699145 -0.085521206 3300000000
0.21991168 -0.42237005 -0.08203054 3309900000
0.19024105 -0.47298464 -0.0907572 3320000000
0.19024105 -0.5061459 -0.09773852 3329900000
0.17104241 -0.5375619 -0.08203054 3340000000
0.1361358 -0.5777045 -0.080285214 3349900000
0.09424786 -0.56897783 -0.08203054 3360000000
0.066322565 -0.45553133 -0.085521206 3369900000
0.04188794 -0.29147023 -0.08203054 3380000000
-0.054105252 -0.106465176 -0.05061459 3389900000
-0.23038366 -0.0226893 -0.0017453308 3400000000
-0.28274357 -0.026179962 0.052359924 3409900000
-0.15009844 -0.12740915 0.04886926 3420000000
-0.0034906615 -0.3700101 0.04886926 3429900000
0.0 -0.55326986 -0.012217315 3440000000
-0.09250253 -0.68766034 -0.16406108 3449900000
-0.11693716 -0.85346675 -0.2548183 3460000000
-0.066322565 -0.9773852 -0.26354495 3469900000
0.059341244 -0.99832916 -0.25132763 3480000000
0.18325973 -0.9354973 -0.21293035 3489900000
0.24958229 -0.7801629 -0.14835311 3500000000
0.2548183 -0.49741927 -0.080285214 3509900000
0.20071304 -0.1535891 -0.036651947 3520000000
0.0907572 0.22863832 -0.034906615 3529900000
-0.055850584 0.55326986 -0.036651947 3540000000
-0.18849573 0.7662002 -0.066322565 3549900000
-0.27401692 0.79587084 -0.106465176 3560000000
-0.2949609 0.62657374 -0.14311711 3569900000
-0.25132763 0.2548183 -0.16057043 3580000000
-0.12391848 -0.20594902 -0.1588251 3589900000
0.017453307 -0.57246846 -0.17104241 3598900000
0.17976907 -1.0000745 -0.18325973 3609900000
0.30892354 -1.2967807 -0.23038366 3620000000
0.36128345 -1.4521152 -0.27576226 3629900000
0.39269942 -1.5062205 -0.2949609 3640000000
0.453786 -1.4905125 -0.34208483 3649900000
0.5061459 -1.4119725 -0.3700101 3660000000
0.4886926 -1.2601289 -0.38222742 3669900000
0.3630288 -0.99832916 -0.34557548 3680000000
0.1588251 -0.67369765 -0.2722716 3689900000
-0.027925292 -0.3106689 -0.19722238 3700000000
-0.16929708 0.040142607 -0.10995584 3709900000
-0.28274357 0.30194223 -0.04188794 3720000000
-0.35430214 0.49741927 0.010471985 3729900000
-0.39619008 0.6126111 0.029670622 3740000000
-0.4206247 0.66671634 0.029670622 3749900000
-0.42237005 0.6108658 0.0226893 3760000000
-0.36477414 0.49043795 0.010471985 3769900000
-0.232129 0.36477414 -0.0052359924 3780000000
-0.087266535 0.232129 -0.019198637 3789900000
0.036651947 0.15707977 -0.036651947 3800000000
0.09424786 0.10122918 -0.038397275 3809900000
0.14486246 0.029670622 -0.059341244 3820000000
0.16580643 -0.010471985 -0.04712393 3829900000
0.1361358 -0.034906615 -0.02443463 3840000000
0.09773852 -0.04188794 -0.019198637 3849900000
0.043633267 -0.06283191 -0.013962646 3860000000
0.010471985 -0.066322565 -0.0034906615 3869900000
-0.0052359924 -0.080285214 -0.010471985 3880000000
0.0 -0.054105252 -0.038397275 3889900000
0.010471985 0.038397275 -0.07155856 3900000000
0.043633267 0.19373171 -0.087266535 3909900000
0.0680679 0.34383017 -0.07504922 3920000000
0.07155856 0.49741927 -0.05061459 3929900000
0.04712393 0.5777045 -0.008726654 3940000000
0.012217315 0.5881765 0.038397275 3949900000
-0.010471985 0.53232586 0.0680679 3960000000
0.010471985 0.44855002 0.09599319 3969900000
0.106465176 0.31939554 0.10122918 3980000000
0.22165701 0.17104241 0.120427825 3989900000
0.19896771 0.12566382 0.14137179 4000000000
0.02443463 0.18500505 0.17802374 4009900000
-0.14486246 0.26529026 0.226893 4020000000
-0.23038366 0.32637686 0.27401692 4029900000
-0.22165701 0.23561965 0.28797957 4040000000
-0.11170117 0.040142607 0.3001969 4049900000
0.06457724 -0.17627841 0.27925292 4060000000
0.22514766 -0.3735008 0.23038366 4069900000
0.2617996 -0.4660033 0.17453307 4080000000
0.21118502 -0.4188794 0.120427825 4089900000
0.09599319 -0.25830895 0.07155856 4100000000
-0.06981323 -0.010471985 0.019198637 4109900000
-0.19373171 0.21467568 0.0052359924 4120000000
-0.21642101 0.39793542 -0.008726654 4129900000
-0.19722238 0.464258 -0.0017453308 4140000000
-0.17802374 0.44156867 -0.008726654 4149900000
-0.15009844 0.35255682 -0.008726654 4160000000
-0.11693716 0.21293035 0.010471985 4169900000
-0.08203054 0.06981323 0.0453786 4180000000
-0.052359924 -0.0226893 0.0907572 4189900000
-0.04886926 -0.08377588 0.120427825 4200000000
-0.080285214 -0.12391848 0.1535891 4209900000
-0.11693716 -0.16057043 0.15533444 4220000000
-0.1588251 -0.18325973 0.15707977 4229900000
-0.17104241 -0.19722238 0.13439047 4240000000
-0.16057043 -0.1815144 0.106465176 4249900000
-0.17976907 -0.16929708 0.06283191 4260000000
-0.19896771 -0.13788113 0.027925292 4269900000
-0.21118502 -0.061086576 -0.015707977 4280000000
-0.19373171 0.0453786 -0.052359924 4289900000
-0.16755176 0.15533444 -0.06981323 4300000000
-0.16406108 0.24958229 -0.07155856 4309900000
-0.19198638 0.35953814 -0.087266535 4320000000
-0.19896771 0.43458736 -0.10471985 4329900000
-0.19024105 0.4206247 -0.106465176 4340000000
-0.1308998 0.34383017 -0.10471985 4349900000
-0.036651947 0.21118502 -0.0907572 4360000000
0.036651947 0.059341244 -0.07504922 4369900000
0.07155856 -0.099483855 -0.057595916 4380000000
0.080285214 -0.21991168 -0.04712393 4389900000
0.080285214 -0.28448892 -0.052359924 4400000000
0.07155856 -0.33161286 -0.057595916 4409900000
0.080285214 -0.36128345 -0.07504922 4420000000
0.057595916 -0.36651945 -0.07504922 4429900000
0.02443463 -0.34033948 -0.06283191 4440000000
-0.006981323 -0.2722716 -0.043633267 4449900000
-0.031415954 -0.16231576 -0.0226893 4460000000
-0.06981323 -0.033161283 -0.015707977 4469900000
-0.10122918 0.07504922 -0.026179962 4480000000
-0.14835311 0.19547704 -0.04188794 4489900000
-0.19024105 0.35430214 -0.07155856 4500000000
-0.21642101 0.5393072 -0.10995584 4509900000
-0.17976907 0.68766034 -0.11868249 4520000000
-0.099483855 0.7696909 -0.10995584 4529900000
-0.015707977 0.74176556 -0.080285214 4540000000
0.09424786 0.6213378 -0.0453786 4549900000
0.27401692 0.36477414 -0.055850584 4560000000
0.41538873 -0.078539886 -0.08377588 4569900000
0.37175545 -0.5550152 -0.120427825 4580000000
0.22340234 -0.78539884 -0.20245837 4589900000
0.04886926 -0.7871442 -0.3071782 4600000000
-0.12915447 -0.74525625 -0.36128345 4609900000
-0.22514766 -0.65449905 -0.39095408 4620000000
-0.1535891 -0.5550152 -0.38222742 4629900000
0.019198637 -0.46774864 -0.28972492 4640000000
0.1815144 -0.40142608 -0.14311711 4649900000
0.28099826 -0.28623423 -0.019198637 4660000000
0.28623423 -0.20594902 0.07155856 4669900000
0.2042037 -0.11519183 0.1308998 4680000000
0.08901187 -0.078539886 0.13439047 4689900000
0.026179962 -0.12566382 0.09599319 4700000000
0.10471985 -0.19547704 0.029670622 4709900000
0.2949609 -0.2391103 -0.036651947 4720000000
0.4782206 -0.24085565 -0.10471985 4729900000
0.6003938 -0.2094397 -0.16580643 4740000000
0.6283191 -0.0907572 -0.19373171 4749900000
0.5497792 0.06283191 -0.21293035 4760000000
0.41015273 0.16580643 -0.20769437 4769900000
0.29845157 0.18500505 -0.19373171 4780000000
0.22340234 0.1535891 -0.1815144 4789900000
0.20769437 0.05061459 -0.15707977 4800000000
0.25132763 -0.061086576 -0.14486246 4809900000
0.30368754 -0.15707977 -0.1134465 4820000000
0.37175545 -0.20245837 -0.057595916 4829900000
0.45553133 -0.21467568 -0.040142607 4840000000
0.5201086 -0.23387432 -0.04188794 4849900000
0.47472996 -0.22340234 -0.066322565 4860000000
0.3700101 -0.16580643 -0.108210504 4869900000
0.2600543 -0.106465176 -0.14486246 4878900000
0.11519183 0.040142607 -0.17627841 4889900000
0.04188794 0.14486246 -0.17802374 4900000000
0.015707977 0.24260098 -0.16406108 4909900000
0.013962646 0.3246315 -0.14486246 4920000000
0.027925292 0.3630288 -0.12391848 4929900000
0.04712393 0.32637686 -0.120427825 4940000000
0.043633267 0.2391103 -0.10471985 4949900000
0.09424786 0.019198637 -0.061086576 4960000000
0.23038366 -0.16929708 -0.0017453308 4969900000
0.3735008 -0.2722716 0.029670622 4980000000
0.42411536 -0.35430214 0.087266535 4989900000
0.3577928 -0.38222742 0.14486246 5000000000
0.24958229 -0.41538873 0.17278774 5009900000
0.17104241 -0.47298464 0.1588251 5020000000
0.14660779 -0.5515245 0.16057043 5029900000
0.11868249 -0.59341246 0.16057043 5040000000
0.09424786 -0.5707232 0.12915447 5049900000
0.0453786 -0.5061459 0.10471985 5060000000
-0.040142607 -0.3682648 0.08203054 5069900000
-0.1134465 -0.14660779 0.06283191 5080000000
-0.12566382 0.07330389 0.033161283 5089900000
-0.08203054 0.24085565 0.04712393 5100000000
0.015707977 0.32114086 0.06283191 5109900000
0.043633267 0.3700101 0.106465176 5120000000
-0.08901187 0.4764753 0.16406108 5129900000
-0.29321557 0.6894056 0.23038366 5140000000
-0.50789124 0.9145533 0.30368754 5149900000
-0.6894056 1.0088012 0.3700101 5160000000
-0.7662002 0.91106266 0.43458736 5169900000
-0.6300644 0.6143564 0.47472996 5180000000
-0.3298675 0.22165701 0.47996596 5189900000
0.008726654 -0.17627841 0.459022 5200000000
0.21816635 -0.45727664 0.39619008 5209900000
0.23736498 -0.5602512 0.29321557 5220000000
0.13439047 -0.53232586 0.17278774 5229900000
-0.019198637 -0.42760605 0.06457724 5240000000
-0.13788113 -0.23736498 0.010471985 5249900000
-0.22165701 -0.078539886 -0.013962646 5260000000
-0.2722716 -0.008726654 0.0034906615 5269900000
-0.30368754 0.036651947 0.0052359924 5280000000
-0.31939554 0.07330389 0.0052359924 5289900000
-0.29147023 0.05061459 0.026179962 5300000000
-0.20594902 0.010471985 0.055850584 5309900000
-0.085521206 -0.085521206 0.09599319 5320000000
-0.019198637 -0.21293035 0.13962646 5329900000
0.010471985 -0.38222742 0.17453307 5340000000
0.02094397 -0.54628855 0.19373171 5349900000
0.038397275 -0.6684617 0.19198638 5360000000
0.052359924 -0.7330389 0.16929708 5369900000
0.052359924 -0.7574735 0.1308998 5380000000
0.04188794 -0.7400202 0.085521206 5389900000
0.036651947 -0.664971 0.02443463 5400000000
0.034906615 -0.5061459 -0.033161283 5409900000
0.019198637 -0.29147023 -0.09250253 5420000000
0.006981323 -0.066322565 -0.12740915 5429900000
-0.0052359924 0.12740915 -0.14486246 5440000000
-0.008726654 0.32114086 -0.1308998 5449900000
-0.06283191 0.43284202 -0.11519183 5460000000
-0.1361358 0.39793542 -0.06283191 5469900000
-0.17278774 0.31939554 -0.02443463 5480000000
-0.15009844 0.19373171 -0.0034906615 5489900000
-0.085521206 0.057595916 0.0226893 5500000000
0.0017453308 -0.055850584 0.019198637 5509900000
0.0907572 -0.16580643 0.017453307 5520000000
0.19722238 -0.24260098 0.0052359924 5529900000
0.30368754 -0.3071782 -0.043633267 5540000000
0.38746342 -0.3351035 -0.09599319 5549900000
0.4258607 -0.3176502 -0.16580643 5560000000
0.36128345 -0.18500505 -0.21118502 5569900000
0.15533444 -0.02094397 -0.26354495 5580000000
-0.07504922 0.12740915 -0.29147023 5589900000
-0.21467568 0.25132763 -0.28797957 5600000000
-0.2775076 0.3351035 -0.2600543 5609900000
-0.2617996 0.4206247 -0.22165701 5619900000
-0.20071304 0.4764753 -0.19547704 5629900000
-0.09599319 0.5305805 -0.18849573 5640000000
0.017453307 0.6091204 -0.17627841 5649900000
0.13439047 0.6527537 -0.17104241 5660000000
0.22863832 0.5986484 -0.15533444 5669900000
0.2949609 0.4188794 -0.17278774 5680000000
0.26529026 0.19896771 -0.14835311 5689900000
0.087266535 0.0017453308 -0.16929708 5700000000
-0.22514766 -0.07679455 -0.23038366 5709900000
-0.4834566 -0.055850584 -0.25656363 5720000000
-0.5986484 0.052359924 -0.23038366 5729900000
-0.5986484 0.1361358 -0.15533444 5740000000
-0.49218327 0.22514766 -0.04712393 5749900000
-0.29845157 0.23387432 0.043633267 5760000000
-0.07504922 0.2391103 0.09773852 5769900000
0.12217315 0.19198638 0.12217315 5780000000
0.22340234 0.1134465 0.09773852 5789900000
0.25656363 0.057595916 0.031415954 5800000000
0.232129 0.013962646 -0.059341244 5809900000
0.15009844 -0.11519183 -0.1361358 5820000000
0.11693716 -0.29670623 -0.20769437 5829900000
0.1361358 -0.4660033 -0.25307295 5840000000
0.1535891 -0.5986484 -0.27576226 5849900000
0.1815144 -0.6422817 -0.27401692 5860000000
0.16755176 -0.5916671 -0.26354495 5869900000
0.09599319 -0.4310967 -0.23038366 5880000000
-0.012217315 -0.20594902 -0.20245837 5889900000
-0.10122918 -0.033161283 -0.1867504 5900000000
-0.17802374 0.12391848 -0.16580643 5909900000
-0.24958229 0.21991168 -0.15184377 5920000000
-0.28448892 0.29670623 -0.12915447 5929900000
-0.25656363 0.3054329 -0.12391848 5940000000
-0.23561965 0.27576226 -0.1308998 5949900000
-0.22165701 0.2042037 -0.13439047 5960000000
-0.22514766 0.17104241 -0.14486246 5969900000
-0.23387432 0.15184377 -0.16057043 5980000000
-0.23736498 0.12915447 -0.13962646 5989900000
-0.23561965 0.09773852 -0.12740915 6000000000
-0.24609163 0.07679455 -0.10471985 6009900000
-0.28972492 0.029670622 -0.059341244 6020000000
-0.29670623 -0.040142607 -0.036651947 6029900000
-0.21467568 -0.085521206 -0.0226893 6040000000
-0.10122918 -0.11519183 -0.012217315 6049900000
-0.012217315 -0.1134465 -0.010471985 6060000000
0.05061459 -0.0907572 -0.015707977 6069900000
0.052359924 -0.0680679 -0.019198637 6080000000
0.04188794 -0.07155856 -0.019198637 6089900000
0.029670622 -0.06457724 0.0 6100000000
0.017453307 -0.06283191 0.034906615 6109900000
0.0052359924 -0.0453786 0.0680679 6120000000
-0.033161283 -0.0017453308 0.099483855 6129900000
-0.04712393 0.09773852 0.1361358 6140000000
-0.085521206 0.232129 0.11519183 6149900000
-0.087266535 0.38746342 0.061086576 6160000000
-0.054105252 0.5061459 -0.0052359924 6169900000
-0.027925292 0.5340712 -0.043633267 6180000000
0.0017453308 0.49916458 -0.055850584 6189900000
0.019198637 0.4363327 -0.06457724 6200000000
0.013962646 0.36477414 -0.033161283 6209900000
0.026179962 0.2617996 0.027925292 6220000000
0.02443463 0.16929708 0.09250253 6229900000
-0.012217315 0.09773852 0.14137179 6240000000
-0.031415954 0.10122918 0.16755176 6249900000
0.013962646 0.17104241 0.16580643 6260000000
0.11693716 0.21467568 0.120427825 6269900000
0.27052626 0.27925292 0.11519183 6280000000
0.3351035 0.34906614 0.12915447 6289900000
0.232129 0.43982336 0.11868249 6300000000
0.038397275 0.5515245 0.099483855 6309900000
-0.16231576 0.5393072 0.10122918 6320000000
-0.2949609 0.43284202 0.14137179 6329900000
-0.28972492 0.24958229 0.16406108 6340000000
-0.18325973 0.033161283 0.16406108 6349900000
-0.087266535 -0.17104241 0.1535891 6360000000
-0.043633267 -0.2949609 0.13962646 6369900000
-0.04188794 -0.3630288 0.12915447 6380000000
-0.06283191 -0.29670623 0.0907572 6389900000
-0.11693716 -0.12915447 0.057595916 6400000000
-0.14835311 0.087266535 0.038397275 6409900000
-0.13439047 0.33335817 0.02094397 6420000000
-0.1134465 0.49567392 0.0034906615 6429900000
-0.06981323 0.5113819 0.0 6440000000
-0.034906615 0.45727664 0.02443463 6449900000
0.0052359924 0.35255682 0.029670622 6460000000
0.026179962 0.20071304 0.055850584 6469900000
0.029670622 0.054105252 0.09250253 6480000000
0.0 -0.006981323 0.11170117 6489900000
-0.09424786 -0.0017453308 0.120427825 6500000000
-0.20594902 0.04712393 0.09773852 6509900000
-0.2949609 0.12740915 0.06457724 6520000000
-0.33335817 0.19547704 0.019198637 6529900000
-0.30368754 0.22340234 -0.038397275 6540000000
-0.25656363 0.26529026 -0.087266535 6549900000
-0.20769437 0.25307295 -0.120427825 6560000000
-0.1588251 0.2617996 -0.13264513 6569900000
-0.06981323 0.28099826 -0.1535891 6580000000
0.029670622 0.2548183 -0.1588251 6589900000
0.07679455 0.18500505 -0.14835311 6600000000
0.0680679 0.06283191 -0.12391848 6609900000
0.036651947 -0.10297451 -0.11519183 6620000000
-0.012217315 -0.232129 -0.11519183 6629900000
-0.02094397 -0.34557548 -0.10471985 6640000000
-0.02443463 -0.4084074 -0.09424786 6649900000
-0.0453786 -0.38222742 -0.09424786 6660000000
-0.085521206 -0.31590486 -0.09599319 6669900000
-0.10995584 -0.18849573 -0.10297451 6680000000
-0.08377588 -0.078539886 -0.12391848 6689900000
-0.057595916 -0.015707977 -0.12566382 6700000000
0.0017453308 0.05061459 -0.13962646 6709900000
0.04188794 0.07330389 -0.14311711 6720000000
0.07330389 0.02094397 -0.12566382 6729900000
0.052359924 -0.06457724 -0.10297451 6739900000
-0.012217315 -0.108210504 -0.08203054 6749900000
-0.12566382 -0.055850584 -0.09424786 6760000000
-0.24085565 0.10297451 -0.11868249 6769900000
-0.34383017 0.34033948 -0.14311711 6780000000
-0.43284202 0.54803383 -0.16231576 6789900000
-0.43458736 0.71209496 -0.16231576 6800000000
-0.34732082 0.8220508 -0.15707977 6809900000
-0.22514766 0.7539829 -0.14835311 6820000000
-0.12915447 0.5951578 -0.12217315 6829900000
-0.07155856 0.32637686 -0.10122918 6840000000
-0.013962646 0.019198637 -0.08203054 6849900000
0.10297451 -0.2670356 -0.07504922 6860000000
0.2391103 -0.5550152 -0.085521206 6869900000
0.24783696 -0.7365296 -0.120427825 6880000000
0.14137179 -0.7330389 -0.17627841 6889900000
-0.0226893 -0.6108658 -0.23561965 6900000000
-0.19722238 -0.4136434 -0.2722716 6909900000
-0.30368754 -0.1815144 -0.27052626 6920000000
-0.2949609 -0.0034906615 -0.24085565 6929900000
-0.17802374 0.06981323 -0.20071304 6940000000
-0.034906615 0.029670622 -0.12566382 6949900000
0.0680679 -0.07155856 -0.059341244 6960000000
0.12915447 -0.16580643 -0.031415954 6969900000
0.10122918 -0.26354495 -0.015707977 6980000000
0.015707977 -0.25656363 -0.012217315 6989900000
-0.07504922 -0.24085565 -0.031415954 7000000000
-0.12217315 -0.25132763 -0.055850584 7009900000
-0.11868249 -0.28797957 -0.08203054 7020000000
-0.087266535 -0.30368754 -0.108210504 7029900000
-0.038397275 -0.3176502 -0.12566382 7040000000
0.0034906615 -0.32637686 -0.13439047 7049900000
0.0226893 -0.3176502 -0.1361358 7060000000
-0.0034906615 -0.29147023 -0.12391848 7069900000
-0.07504922 -0.19024105 -0.09424786 7080000000
-0.13439047 -0.07330389 -0.066322565 7089900000
-0.16406108 0.02094397 -0.04188794 7100000000
-0.1815144 0.07679455 -0.015707977 7109900000
-0.16929708 0.10471985 -0.027925292 7120000000
-0.1535891 0.1134465 -0.04188794 7129900000
-0.15009844 0.10122918 -0.06981323 7140000000
-0.13962646 0.09599319 -0.108210504 7149900000
-0.1308998 0.06981323 -0.13264513 7160000000
-0.11868249 0.015707977 -0.13962646 7169900000
-0.10471985 -0.019198637 -0.12915447 7180000000
-0.099483855 -0.010471985 -0.10471985 7189900000
-0.1134465 0.026179962 -0.087266535 7200000000
-0.14486246 0.08901187 -0.08377588 7209900000
-0.15009844 0.16929708 -0.080285214 7220000000
-0.12566382 0.21816635 -0.08901187 7229900000
-0.10122918 0.25307295 -0.10995584 7240000000
-0.07679455 0.31939554 -0.11693716 7249900000
-0.07155856 0.3735008 -0.1361358 7260000000
-0.059341244 0.4031714 -0.12566382 7269900000
-0.052359924 0.38397276 -0.1134465 7280000000
-0.04188794 0.3577928 -0.10122918 7289900000
-0.013962646 0.31415954 -0.078539886 7300000000
0.02094397 0.24609163 -0.04188794 7309900000
0.036651947 0.17104241 -0.006981323 7320000000
0.026179962 0.16929708 0.029670622 7329900000
-0.012217315 0.2042037 0.05061459 7340000000
-0.040142607 0.27576226 0.052359924 7349900000
-0.033161283 0.34732082 0.05061459 7360000000
-0.006981323 0.37699145 0.038397275 7369900000
0.017453307 0.3106689 0.02443463 7380000000
0.059341244 0.18325973 0.010471985 7389900000
0.11693716 0.038397275 0.013962646 7400000000
0.1588251 -0.09424786 0.034906615 7409900000
0.20594902 -0.120427825 0.0453786 7420000000
0.24783696 -0.033161283 0.054105252 7429900000
0.30194223 0.019198637 0.038397275 7439900000
0.33335817 0.106465176 0.034906615 7449900000
0.25132763 0.232129 0.059341244 7460000000
0.034906615 0.4206247 0.09250253 7469900000
-0.23038366 0.7836535 0.12391848 7480000000
-0.4712393 1.1658809 0.16929708 7489900000
-0.6353004 1.3421594 0.226893 7500000000
-0.6283191 1.2025329 0.3071782 7509900000
-0.41189805 0.82554144 0.39269942 7519900000
-0.061086576 0.34557548 0.45204067 7529900000
0.27401692 -0.12391848 0.4939286 7540000000
0.44505933 -0.49043795 0.469494 7549900000
0.5009099 -0.65449905 0.40142608 7560000000
0.45553133 -0.6318097 0.3246315 7569900000
0.27052626 -0.45204067 0.24958229 7580000000
0.019198637 -0.099483855 0.16406108 7589900000
-0.22514766 0.35081148 0.07155856 7600000000
-0.39619008 0.7539829 -0.013962646 7609900000
-0.4258607 0.97913057 -0.08203054 7620000000
-0.32637686 0.98436654 -0.11868249 7629900000
-0.18325973 0.8621934 -0.13264513 7640000000
-0.07504922 0.6353004 -0.120427825 7649900000
0.0 0.3752461 -0.10122918 7660000000
0.015707977 0.09599319 -0.08377588 7669900000
-0.0034906615 -0.13788113 -0.034906615 7680000000
-0.010471985 -0.4084074 -0.008726654 7689900000
-0.013962646 -0.6283191 0.012217315 7700000000
-0.015707977 -0.7155856 0.027925292 7709900000
0.057595916 -0.69115096 0.054105252 7720000000
0.1308998 -0.6213378 0.04886926 7729900000
0.1588251 -0.47996596 0.027925292 7740000000
0.15009844 -0.3351035 0.0034906615 7749900000
0.14486246 -0.1867504 -0.0052359924 7760000000
0.09424786 -0.087266535 -0.019198637 7769900000
0.04188794 -0.010471985 -0.02443463 7780000000
-0.008726654 0.0226893 -0.02094397 7789900000
-0.034906615 0.015707977 -0.0034906615 7800000000
-0.036651947 -0.0034906615 0.013962646 7809900000
-0.0017453308 0.008726654 0.027925292 7820000000
0.040142607 0.07679455 0.006981323 7829900000
0.080285214 0.14660779 0.0034906615 7840000000
0.1308998 0.20245837 -0.033161283 7849900000
0.16580643 0.23387432 -0.052359924 7860000000
0.19896771 0.20594902 -0.066322565 7869900000
0.21467568 0.14835311 -0.078539886 7880000000
0.21118502 0.034906615 -0.08203054 7889900000
0.19896771 -0.13264513 -0.080285214 7900000000
0.16057043 -0.33161286 -0.06283191 7909900000
0.10471985 -0.469494 -0.0453786 7920000000
0.054105252 -0.49218327 -0.052359924 7929900000
0.052359924 -0.39793542 -0.0680679 7940000000
0.07155856 -0.22863832 -0.08901187 7949900000
0.09250253 0.054105252 -0.12915447 7960000000
0.078539886 0.36651945 -0.17278774 7969900000
0.061086576 0.65624434 -0.21118502 7980000000
0.0680679 0.86044806 -0.232129 7989900000
0.08901187 0.9529506 -0.22165701 8000000000
0.09424786 0.8953547 -0.19373171 8009900000
0.12566382 0.7155856 -0.1535891 8020000000
0.16057043 0.41015273 -0.099483855 8029900000
0.20594902 0.0052359924 -0.080285214 8040000000
0.2042037 -0.41189805 -0.066322565 8049900000
0.1134465 -0.73129356 -0.07679455 8060000000
0.0052359924 -0.88313735 -0.1535891 8069900000
-0.08377588 -0.8691747 -0.21991168 8080000000
-0.12391848 -0.68416965 -0.23561965 8089900000
-0.08203054 -0.4817113 -0.21118502 8100000000
0.02443463 -0.3351035 -0.13788113 8109900000
0.14311711 -0.2042037 -0.052359924 8120000000
0.23038366 -0.09599319 0.029670622 8129900000
0.28972492 0.006981323 0.087266535 8140000000
0.3106689 0.11519183 0.087266535 8149900000
0.23736498 0.12915447 0.057595916 8160000000
0.087266535 0.09599319 0.008726654 8169900000
-0.054105252 -0.031415954 -0.043633267 8180000000
-0.12915447 -0.2391103 -0.09250253 8189900000
-0.120427825 -0.44855002 -0.12391848 8200000000
-0.04188794 -0.60562974 -0.14311711 8209900000
0.08203054 -0.7190763 -0.14835311 8220000000
0.1867504 -0.7574735 -0.1535891 8229900000
0.21118502 -0.66148037 -0.15707977 8240000000
0.17976907 -0.4939286 -0.1535891 8249900000
0.12915447 -0.30368754 -0.14835311 8260000000
0.085521206 -0.12740915 -0.13962646 8269900000
0.02443463 0.033161283 -0.14486246 8280000000
-0.04886926 0.14660779 -0.15533444 8289900000
-0.099483855 0.226893 -0.1535891 8300000000
-0.10995584 0.2600543 -0.14835311 8309900000
-0.10122918 0.2391103 -0.14311711 8319900000
-0.085521206 0.2042037 -0.1361358 8329900000
-0.080285214 0.15009844 -0.14137179 8340000000
-0.10995584 0.087266535 -0.13962646 8349900000
-0.11519183 0.0226893 -0.11868249 8360000000
-0.12740915 -0.0017453308 -0.09773852 8369900000
-0.14311711 0.0017453308 -0.078539886 8380000000
-0.14835311 0.043633267 -0.057595916 8389900000
-0.15009844 0.11519183 -0.04188794 8400000000
-0.13439047 0.1867504 -0.0453786 8409900000
-0.087266535 0.2617996 -0.06283191 8420000000
-0.031415954 0.3071782 -0.09424786 8429900000
0.0017453308 0.29670623 -0.12566382 8440000000
0.043633267 0.28274357 -0.13962646 8449900000
0.087266535 0.2722716 -0.15009844 8460000000
0.13439047 0.24609163 -0.1535891 8469900000
0.16580643 0.21642101 -0.15707977 8480000000
0.15533444 0.1867504 -0.13264513 8489900000
0.09424786 0.17976907 -0.099483855 8500000000
0.008726654 0.16057043 -0.07504922 8509900000
-0.04188794 0.17453307 -0.052359924 8520000000
-0.010471985 0.17104241 -0.026179962 8529900000
0.066322565 0.14137179 -0.010471985 8540000000
0.1308998 0.10297451 0.015707977 8549900000
0.19373171 0.09250253 0.027925292 8560000000
0.23038366 0.10297451 0.02443463 8569900000
0.21816635 0.15009844 0.012217315 8580000000
0.16929708 0.23387432 0.008726654 8589900000
0.12566382 0.3001969 -0.015707977 8600000000
0.10122918 0.32637686 -0.029670622 8609900000
0.12915447 0.33684883 -0.04712393 8620000000
0.20071304 0.29845157 -0.027925292 8629900000
0.30194223 0.22863832 -0.010471985 8640000000
0.37699145 0.1815144 -0.0052359924 8649900000
0.39793542 0.16929708 0.033161283 8660000000
0.27052626 0.21118502 0.07679455 8669900000
0.06283191 0.31939554 0.10297451 8680000000
-0.11868249 0.5218539 0.10297451 8689900000
-0.24783696 0.65449905 0.120427825 8700000000
-0.29670623 0.6318097 0.13264513 8709900000
-0.1867504 0.4817113 0.12391848 8720000000
0.012217315 0.22340234 0.11170117 8729900000
0.17278774 0.0052359924 0.09773852 8740000000
0.20594902 -0.10297451 0.066322565 8749900000
0.12391848 -0.13264513 0.0226893 8760000000
0.010471985 -0.099483855 -0.006981323 8769900000
-0.10995584 -0.031415954 -0.0226893 8780000000
-0.17976907 0.043633267 -0.019198637 8789900000
-0.17453307 0.12915447 -0.012217315 8800000000
-0.10471985 0.14660779 0.013962646 8809900000
-0.006981323 0.1134465 0.02443463 8820000000
0.059341244 0.0226893 0.038397275 8829900000
0.12566382 -0.10122918 0.059341244 8840000000
0.20245837 -0.19198638 0.08901187 8849900000
0.22340234 -0.25830895 0.12391848 8860000000
0.20769437 -0.29321557 0.14835311 8869900000
0.16755176 -0.22514766 0.15533444 8880000000
0.09250253 -0.12391848 0.14311711 8889900000
0.036651947 0.017453307 0.10995584 8900000000
0.012217315 0.12566382 0.061086576 8909900000
-0.0052359924 0.15707977 0.043633267 8920000000
-0.013962646 0.087266535 0.038397275 8929900000
-0.019198637 -0.026179962 0.033161283 8940000000
-0.013962646 -0.14311711 0.029670622 8949900000
0.006981323 -0.23387432 0.033161283 8960000000
0.02094397 -0.25830895 0.033161283 8969900000
0.043633267 -0.24783696 0.02443463 8980000000
0.085521206 -0.23387432 0.019198637 8989900000
0.108210504 -0.18325973 0.008726654 9000000000
0.1361358 -0.120427825 -0.015707977 9009900000
0.15009844 -0.085521206 -0.033161283 9020000000
0.15184377 -0.059341244 -0.038397275 9029900000
0.16929708 -0.019198637 -0.06283191 9040000000
0.18849573 -0.019198637 -0.059341244 9049900000
0.18325973 -0.017453307 -0.07679455 9060000000
0.19722238 -0.066322565 -0.07330389 9069900000
0.22165701 -0.14835311 -0.080285214 9080000000
0.24958229 -0.226893 -0.07679455 9089900000
0.26878095 -0.27401692 -0.09424786 9100000000
0.24958229 -0.27576226 -0.09599319 9109900000
0.21118502 -0.22514766 -0.0907572 9120000000
0.1535891 -0.14311711 -0.106465176 9129900000
0.12391848 -0.05061459 -0.11868249 9140000000
0.10995584 0.078539886 -0.14835311 9149900000
0.10297451 0.19896771 -0.15707977 9160000000
0.07330389 0.22514766 -0.16580643 9169900000
0.043633267 0.19547704 -0.16406108 9180000000
0.031415954 0.1134465 -0.14486246 9189900000
0.04886926 0.033161283 -0.11519183 9200000000
0.10122918 -0.013962646 -0.061086576 9209900000
0.19722238 -0.04188794 -0.015707977 9220000000
0.29845157 -0.04188794 0.0034906615 9229900000
0.37699145 -0.017453307 0.008726654 9240000000
0.4712393 -0.080285214 -0.033161283 9249900000
0.52883524 -0.2600543 -0.07504922 9260000000
0.44156867 -0.4834566 -0.13962646 9269900000
0.19896771 -0.63355505 -0.21467568 9280000000
-0.07679455 -0.6318097 -0.25656363 9289900000
-0.226893 -0.52883524 -0.28274357 9298900000
-0.20594902 -0.39968073 -0.28797957 9309900000
-0.04712393 -0.3124142 -0.2548183 9320000000
0.1308998 -0.27401692 -0.2042037 9329900000
0.2617996 -0.2443463 -0.15009844 9340000000
0.34033948 -0.18500505 -0.11868249 9349900000
0.33859417 -0.120427825 -0.07504922 9360000000
0.28274357 -0.078539886 -0.031415954 9369900000
0.21642101 -0.038397275 -0.029670622 9380000000
0.10471985 -0.033161283 -0.026179962 9389900000
0.012217315 -0.0907572 -0.027925292 9400000000
-0.036651947 -0.17278774 -0.043633267 9409900000
-0.017453307 -0.24783696 -0.066322565 9420000000
0.026179962 -0.28797957 -0.085521206 9429900000
0.06457724 -0.3124142 -0.09599319 9440000000
0.09599319 -0.2722716 -0.11693716 9449900000
0.10122918 -0.18500505 -0.12915447 9460000000
0.054105252 -0.12391848 -0.1134465 9469900000
0.008726654 -0.08901187 -0.10471985 9480000000
-0.055850584 -0.10122918 -0.08901187 9489900000
-0.10471985 -0.16057043 -0.06981323 9500000000
-0.11519183 -0.21118502 -0.04712393 9509900000
-0.10471985 -0.23561965 -0.038397275 9520000000
-0.106465176 -0.25307295 -0.033161283 9529000000
-0.10995584 -0.23387432 -0.027925292 9540000000
-0.11693716 -0.17627841 -0.033161283 9549900000
-0.13439047 -0.085521206 -0.052359924 9560000000
-0.1361358 -0.006981323 -0.055850584 9569900000
-0.12566382 0.05061459 -0.07155856 9580000000
-0.10995584 0.08203054 -0.06457724 9589900000
-0.11170117 0.11170117 -0.059341244 9600000000
-0.12391848 0.13264513 -0.04712393 9609900000
-0.13962646 0.15707977 -0.0226893 9620000000
-0.1308998 0.17976907 0.0017453308 9629900000
-0.10122918 0.17976907 0.008726654 9640000000
-0.07504922 0.20769437 0.017453307 9649900000
-0.07330389 0.25132763 0.0052359924 9660000000
-0.06283191 0.28099826 -0.0052359924 9669900000
-0.05061459 0.3054329 -0.015707977 9680000000
-0.066322565 0.34208483 -0.02443463 9689900000
-0.120427825 0.40142608 -0.05061459 9700000000
-0.18325973 0.45204067 -0.07504922 9709900000
-0.2094397 0.43982336 -0.09250253 9720000000
-0.20245837 0.38222742 -0.09250253 9729900000
-0.14137179 0.2617996 -0.078539886 9740000000
-0.04886926 0.13439047 -0.04712393 9749900000
0.02443463 -0.0017453308 -0.015707977 9760000000
0.057595916 -0.10122918 0.010471985 9769900000
0.066322565 -0.07504922 0.017453307 9780000000
0.026179962 0.02443463 0.027925292 9789900000
-0.0226893 0.17104241 0.029670622 9800000000
-0.015707977 0.31939554 0.026179962 9809900000
-0.008726654 0.40666208 0.052359924 9820000000
0.04886926 0.4363327 0.09599319 9829900000
0.15009844 0.40666208 0.14137179 9840000000
0.2600543 0.34383017 0.15707977 9849900000
0.3246315 0.31415954 0.19198638 9860000000
0.25132763 0.37873676 0.21991168 9869900000
0.04188794 0.48520195 0.21467568 9880000000
-0.21118502 0.63355505 0.1588251 9889900000
-0.4136434 0.74525625 0.108210504 9900000000
-0.4834566 0.7801629 0.066322565 9909900000
-0.35953814 0.67718834 0.052359924 9920000000
-0.085521206 0.4031714 0.052359924 9929900000
0.19373171 0.036651947 0.07679455 9940000000
0.35430214 -0.2775076 0.059341244 9949900000
0.40142608 -0.41538873 0.040142607 9960000000
0.35604748 -0.40491673 0.019198637 9969900000
0.2548183 -0.22340234 -0.008726654 9980000000
0.11868249 0.0226893 -0.0034906615 9989900000
-0.05061459 0.3106689 0.010471985 10000000000
-0.15009844 0.56897783 0.013962646 10009900000
-0.19722238 0.71733093 0.038397275 10020000000
-0.19547704 0.7260576 0.066322565 10029900000
-0.1308998 0.62308306 0.07330389 10040000000
-0.07155856 0.45204067 0.10122918 10049900000
-0.04188794 0.27401692 0.120427825 10060000000
-0.038397275 0.1308998 0.14137179 10069900000
-0.036651947 0.015707977 0.17976907 10080000000
-0.052359924 -0.059341244 0.20245837 10089900000
-0.087266535 -0.12740915 0.20769437 10100000000
-0.120427825 -0.18325973 0.21816635 10109900000
-0.10297451 -0.23038366 0.19024105 10120000000
-0.04712393 -0.25656363 0.14486246 10129900000
0.0052359924 -0.2670356 0.07679455 10140000000
0.038397275 -0.23561965 0.008726654 10149900000
0.04188794 -0.11868249 -0.06981323 10159900000
0.033161283 0.015707977 -0.12566382 10169900000
0.052359924 0.085521206 -0.15533444 10180000000
0.099483855 0.08377588 -0.1535891 10189900000
0.16755176 0.0034906615 -0.11868249 10200000000
0.21642101 -0.10995584 -0.080285214 10209900000
0.2548183 -0.24783696 -0.04188794 10220000000
0.28623423 -0.3700101 -0.0052359924 10229900000
0.30194223 -0.4206247 0.0034906615 10240000000
0.28623423 -0.44855002 -0.0017453308 10249900000
0.24085565 -0.43807802 -0.026179962 10260000000
0.20245837 -0.41015273 -0.04886926 10269900000
0.1588251 -0.38397276 -0.07504922 10280000000
0.12915447 -0.37873676 -0.0907572 10289900000
0.120427825 -0.37175545 -0.106465176 10300000000
0.13439047 -0.35604748 -0.13264513 10309900000
0.16929708 -0.32637686 -0.13264513 10320000000
0.20769437 -0.29147023 -0.14660779 10329900000
0.22863832 -0.2722716 -0.13264513 10340000000
0.22514766 -0.22514766 -0.12915447 10349900000
0.19024105 -0.19024105 -0.1308998 10360000000
0.12915447 -0.120427825 -0.12566382 10369900000
0.07679455 -0.026179962 -0.13788113 10380000000
0.057595916 0.038397275 -0.108210504 10389900000
0.04886926 0.13962646 -0.07155856 10400000000
0.04188794 0.20245837 -0.029670622 10409900000
0.0453786 0.24783696 -0.008726654 10420000000
0.06283191 0.2775076 -0.006981323 10429900000
0.12217315 0.2548183 -0.031415954 10440000000
0.14486246 0.10995584 -0.055850584 10449900000
0.080285214 -0.027925292 -0.1134465 10460000000
-0.06981323 -0.11868249 -0.2391103 10469900000
-0.24783696 -0.16580643 -0.35953814 10480000000
-0.3752461 -0.15184377 -0.34208483 10489900000
-0.33684883 -0.06457724 -0.27925292 10500000000
-0.18849573 0.059341244 -0.17802374 10509900000
-0.0034906615 0.15707977 -0.066322565 10520000000
0.16406108 0.23736498 0.0 10529900000
0.2949609 0.2094397 0.026179962 10540000000
0.41189805 0.1134465 0.019198637 10549900000
0.4660033 -0.0453786 -0.033161283 10560000000
0.42935136 -0.21118502 -0.11170117 10569900000
0.27925292 -0.3804821 -0.20769437 10579900000
0.0907572 -0.5497792 -0.3054329 10589900000
-0.0034906615 -0.7190763 -0.34557548 10600000000
0.04886926 -0.9267706 -0.3228862 10609900000
0.19373171 -1.0663971 -0.3001969 10620000000
0.3298675 -1.1431917 -0.26354495 10629900000
0.3351035 -1.1571543 -0.20245837 10640000000
0.25830895 -1.0559251 -0.16406108 10649900000
0.16231576 -0.8569574 -0.10297451 10660000000
0.09773852 -0.59341246 -0.057595916 10669900000
0.061086576 -0.3804821 -0.012217315 10680000000
0.027925292 -0.17627841 0.013962646 10689900000
-0.0017453308 -0.0453786 0.033161283 10700000000
0.008726654 0.0052359924 0.034906615 10709900000
0.036651947 0.0052359924 0.038397275 10720000000
0.059341244 -0.059341244 0.017453307 10729900000
0.019198637 -0.12740915 -0.0052359924 10740000000
-0.0226893 -0.13788113 -0.033161283 10749900000
-0.087266535 -0.15533444 -0.07679455 10760000000
-0.14835311 -0.13788113 -0.11868249 10769900000
-0.15707977 -0.080285214 -0.15184377 10780000000
-0.14835311 -0.052359924 -0.14835311 10789900000
-0.12566382 -0.015707977 -0.12740915 10800000000
-0.09773852 -0.0034906615 -0.11170117 10809900000
-0.085521206 0.0017453308 -0.08901187 10820000000
-0.09250253 0.019198637 -0.080285214 10829900000
-0.09599319 0.07330389 -0.087266535 10840000000
-0.08901187 0.12217315 -0.10297451 10849900000
-0.02443463 0.15184377 -0.106465176 10860000000
0.033161283 0.17453307 -0.078539886 10869900000
0.036651947 0.15707977 -0.06981323 10880000000
0.036651947 0.14486246 -0.057595916 10889900000
0.06457724 0.13962646 -0.054105252 10900000000
0.06283191 0.099483855 -0.040142607 10909900000
0.0453786 0.026179962 -0.0226893 10920000000
0.027925292 -0.055850584 -0.010471985 10929900000
-0.015707977 -0.07679455 0.0 10939900000
-0.0680679 -0.07504922 -0.019198637 10949900000
-0.08377588 -0.06457724 -0.031415954 10960000000
-0.066322565 -0.036651947 -0.026179962 10969900000
-0.04712393 0.0 0.0 10980000000
-0.012217315 0.0680679 0.029670622 10989900000
0.040142607 0.08203054 0.040142607 11000000000
0.07330389 0.12217315 0.07504922 11009900000
0.08377588 0.10297451 0.07155856 11020000000
0.11519183 0.10122918 0.08203054 11029900000
0.17278774 0.10471985 0.09773852 11040000000
0.24260098 0.16406108 0.080285214 11049900000
0.3071782 0.19896771 0.09773852 11060000000
0.32114086 0.24085565 0.14137179 11069900000
0.21642101 0.29147023 0.16406108 11080000000
0.07504922 0.3630288 0.17453307 11089900000
-0.10122918 0.40666208 0.17976907 11100000000
-0.2548183 0.4363327 0.18500505 11109900000
-0.27401692 0.47996596 0.17453307 11120000000
-0.19373171 0.459022 0.15533444 11129900000
-0.036651947 0.34383017 0.16057043 11140000000
0.12915447 0.24783696 0.14835311 11149900000
0.19896771 0.25132763 0.13788113 11160000000
0.14137179 0.31939554 0.10471985 11169900000
0.036651947 0.3752461 0.06981323 11180000000
-0.057595916 0.4188794 0.036651947 11189900000
-0.09599319 0.41189805 0.019198637 11200000000
-0.08377588 0.37175545 0.026179962 11209900000
-0.061086576 0.3106689 0.034906615 11220000000
-0.038397275 0.24609163 0.0453786 11229900000
0.0052359924 0.1815144 0.06457724 11240000000
0.07679455 0.106465176 0.08377588 11249900000
0.1535891 0.0017453308 0.10995584 11260000000
0.16929708 -0.04188794 0.13788113 11269900000
0.13962646 -0.061086576 0.15707977 11280000000
0.07679455 -0.07155856 0.16755176 11289900000
0.033161283 -0.066322565 0.14486246 11300000000
-0.033161283 -0.059341244 0.11693716 11309900000
-0.10122918 -0.06457724 0.08203054 11320000000
-0.16231576 -0.085521206 0.04712393 11329900000
-0.19896771 -0.031415954 0.026179962 11340000000
-0.1867504 0.0034906615 -0.0052359924 11349900000
-0.16929708 0.07155856 -0.010471985 11360000000
-0.22340234 0.13264513 -0.019198637 11369900000
-0.29147023 0.12566382 -0.02094397 11380000000
-0.33684883 0.106465176 -0.0226893 11389900000
-0.35081148 0.106465176 -0.04188794 11400000000
-0.35604748 0.06457724 -0.080285214 11409900000
-0.38746342 0.0 -0.09773852 11420000000
-0.38222742 -0.10122918 -0.07504922 11429900000
-0.34557548 -0.20071304 -0.038397275 11440000000
-0.25830895 -0.3054329 0.0 11449900000
-0.20594902 -0.38920876 -0.0017453308 11460000000
-0.20071304 -0.44331402 -0.0226893 11469900000
-0.22863832 -0.48694727 -0.055850584 11480000000
-0.16580643 -0.47298464 -0.10122918 11489900000
-0.12391848 -0.41713405 -0.10995584 11500000000
-0.09424786 -0.19547704 -0.061086576 11509900000
-0.17627841 0.006981323 0.013962646 11520000000
-0.31415954 0.13962646 0.106465176 11529900000
-0.32114086 0.29845157 0.15707977 11540000000
-0.18325973 0.5305805 0.21816635 11549900000
-0.14311711 0.70511365 0.3106689 11560000000
-0.29321557 0.8377588 0.39095408 11569900000
-0.58643115 1.0227638 0.37175545 11580000000
-0.8447401 1.2007875 0.3124142 11589900000
-0.9826212 1.2967807 0.21816635 11600000000
-0.9808759 1.31947 0.12915447 11609900000
-0.8168148 1.2426755 0.08203054 11620000000
-0.43458736 0.97913057 0.10122918 11629900000
0.10297451 0.58294046 0.10995584 11640000000
0.49741927 0.1588251 0.036651947 11649900000
0.5567605 -0.32812217 -0.061086576 11660000000
0.36651945 -0.74176556 -0.16755176 11669900000
0.07679455 -1.0367265 -0.23561965 11680000000
-0.12391848 -1.1780982 -0.24260098 11689900000
-0.18849573 -1.1588997 -0.226893 11700000000
-0.15009844 -1.0245092 -0.1867504 11709900000
-0.0017453308 -0.8063428 -0.087266535 11720000000
0.17453307 -0.53232586 0.038397275 11729900000
0.31939554 -0.29321557 0.12391848 11740000000
0.3857181 -0.04188794 0.15533444 11749900000
0.39619008 0.19198638 0.14486246 11760000000
0.4206247 0.459022 0.036651947 11769900000
0.2949609 0.50265527 -0.061086576 11780000000
-0.0034906615 0.10995584 -0.3054329 11789900000
-0.1535891 -0.14660779 -0.1588251 11800000000
-0.027925292 -0.4031714 -0.061086576 11809900000
0.16929708 -0.5619965 -0.043633267 11820000000
0.23561965 -0.5777045 -0.04712393 11829900000
0.16231576 -0.5497792 -0.029670622 11840000000
0.033161283 -0.39968073 -0.015707977 11849900000
-0.027925292 -0.19547704 0.026179962 11860000000
-0.034906615 -0.0052359924 0.019198637 11869900000
-0.043633267 0.13962646 -0.0017453308 11880000000
-0.106465176 0.21467568 -0.019198637 11889900000
-0.1867504 0.2617996 -0.06457724 11900000000
-0.19547704 0.21991168 -0.09599319 11909900000
-0.17627841 0.15707977 -0.1588251 11920000000
-0.085521206 0.087266535 -0.22863832 11929900000
0.09599319 -0.16057043 -0.3176502 11940000000
0.21642101 -0.42760605 -0.34208483 11949900000
0.24085565 -0.66671634 -0.25132763 11960000000
0.17627841 -0.84648544 -0.12391848 11969900000
0.085521206 -0.8779014 -0.02443463 11980000000
0.0453786 -0.7906348 -0.033161283 11989900000
0.06981323 -0.6318097 -0.11170117 12000000000
0.12915447 -0.4031714 -0.20769437 12009900000
0.17976907 -0.16231576 -0.27925292 12020000000
0.19896771 0.029670622 -0.28972492 12029900000
0.16580643 0.20071304 -0.2670356 12040000000
0.13439047 0.3700101 -0.22514766 12049900000
0.13788113 0.51312727 -0.21467568 12060000000
0.2042037 0.6300644 -0.24609163 12069900000
0.39269942 0.891864 -0.2949609 12080000000
0.39444476 0.891864 -0.3351035 12088900000
0.27925292 0.7190763 -0.32637686 12100000000
0.16755176 0.6003938 -0.29845157 12109900000
0.066322565 0.5410525 -0.25307295 12120000000
0.04712393 0.48520195 -0.20071304 12129900000
0.08901187 0.49916458 -0.16057043 12140000000
0.11868249 0.39793542 0.15533444 12149900000
0.0017453308 0.3351035 0.14660779 12160000000
0.23387432 0.16929708 0.16406108 12169900000
0.32812217 0.034906615 -0.02094397 12180000000
0.35430214 -0.12740915 -0.2391103 12189900000
0.30892354 -0.31415954 -0.4188794 12200000000
0.27576226 -0.3735008 -0.4886926 12209900000
0.3577928 -0.3124142 -0.4782206 12220000000
0.4363327 -0.2094397 -0.42935136 12229900000
0.42411536 -0.15009844 -0.3124142 12240000000
0.31939554 -0.0017453308 -0.22340234 12249900000
0.1535891 0.21991168 -0.1535891 12260000000
-0.080285214 0.40491673 -0.08901187 12269900000
-0.27401692 0.4764753 -0.027925292 12280000000
-0.19896771 0.17453307 0.17976907 12289900000
-0.036651947 -0.19547704 0.24609163 12300000000
0.34383017 -0.51487255 0.3054329 12309900000
0.58643115 -0.5672325 0.20769437 12320000000
0.5340712 -0.53581655 0.054105252 12329900000
0.3001969 -0.45727664 -0.10297451 12340000000
-0.04712393 -0.10471985 -0.22514766 12349900000
-0.3071782 0.30194223 -0.20245837 12360000000
-0.39095408 0.6387911 -0.11693716 12369900000
-0.34906614 0.7906348 -0.06457724 12380000000
-0.25656363 0.69115096 -0.026179962 12389900000
-0.17278774 0.4084074 0.029670622 12400000000
-0.0226893 0.17627841 0.1535891 12409900000
0.12915447 0.16057043 0.30892354 12420000000
0.17278774 0.26529026 0.39968073 12429900000
0.061086576 0.3246315 0.37699145 12440000000
-0.120427825 0.30194223 0.28623423 12449900000
-0.35255682 0.12740915 0.2775076 12460000000
-0.54628855 -0.099483855 0.30892354 12469900000
-0.62308306 -0.2391103 0.32812217 12480000000
-0.5951578 -0.32812217 0.34208483 12489900000
-0.54803383 -0.3752461 0.32637686 12500000000
-0.4660033 -0.3804821 0.28972492 12509900000
-0.35081148 -0.3298675 0.24783696 12520000000
-0.25656363 -0.29321557 0.21642101 12529900000
-0.18849573 -0.29147023 0.14137179 12540000000
-0.06981323 -0.34208483 -0.027925292 12549900000
0.010471985 -0.3577928 -0.0907572 12560000000
0.0017453308 -0.44156867 -0.052359924 12569900000
-0.05061459 -0.5166179 0.015707977 12580000000
-0.099483855 -0.5602512 0.06283191 12589900000
-0.14486246 -0.48520195 0.08203054 12600000000
-0.16580643 -0.39269942 0.0907572 12609900000
-0.1588251 -0.39095408 0.10471985 12620000000
-0.11693716 -0.45204067 0.0907572 12629900000
-0.07679455 -0.51487255 0.08377588 12640000000
-0.033161283 -0.5881765 0.0907572 12649900000
-0.013962646 -0.6248284 0.07679455 12660000000
-0.012217315 -0.5672325 0.027925292 12669900000
0.013962646 -0.41713405 -0.027925292 12680000000
0.04886926 -0.24085565 -0.057595916 12689900000
0.054105252 -0.08377588 -0.09599319 12700000000
0.0034906615 0.09599319 -0.106465176 12709900000
-0.04712393 0.23736498 -0.10995584 12720000000
-0.06283191 0.32114086 -0.13439047 12729900000
-0.052359924 0.38746342 -0.17627841 12740000000
-0.017453307 0.4031714 -0.20594902 12749900000
0.02094397 0.34906614 -0.21293035 12760000000
0.06283191 0.28972492 -0.20769437 12769900000
0.1134465 0.24085565 -0.1815144 12780000000
0.15009844 0.25307295 -0.16406108 12789900000
0.16929708 0.26354495 -0.14311711 12800000000
0.16406108 0.23561965 -0.120427825 12809900000
0.17802374 0.20071304 -0.12391848 12820000000
0.22165701 0.10297451 -0.11693716 12829900000
0.28274357 -0.06283191 -0.13788113 12840000000
0.35953814 -0.29321557 -0.19896771 12849900000
0.36651945 -0.47298464 -0.27925292 12860000000
0.29670623 -0.5393072 -0.34557548 12869900000
0.20245837 -0.44855002 -0.36128345 12880000000
0.17976907 -0.20769437 -0.33684883 12889900000
0.21642101 0.057595916 -0.28972492 12900000000
0.25132763 0.21642101 -0.24085565 12909900000
0.23561965 0.29147023 -0.20769437 12920000000
0.21293035 0.3700101 -0.17278774 12929900000
0.17453307 0.43807802 -0.1588251 12940000000
0.14486246 0.5218539 -0.17104241 12949900000
0.12566382 0.59690315 -0.17627841 12960000000
0.07679455 0.5742138 -0.20245837 12969900000
0.0034906615 0.45553133 -0.21816635 12980000000
-0.078539886 0.28972492 -0.24260098 12989900000
-0.10471985 0.12915447 -0.24958229 13000000000
-0.087266535 -0.055850584 -0.24085565 13009900000
0.0052359924 -0.19722238 -0.22863832 13020000000
0.09773852 -0.3351035 -0.21293035 13029900000
0.12740915 -0.47298464 -0.1867504 13040000000
0.08203054 -0.5550152 -0.16406108 13049900000
0.0052359924 -0.54803383 -0.12566382 13060000000
-0.066322565 -0.45029533 -0.10122918 13069900000
-0.10122918 -0.32812217 -0.07679455 13080000000
-0.120427825 -0.2443463 -0.057595916 13089900000
-0.11519183 -0.08901187 -0.057595916 13100000000
-0.11693716 0.10297451 -0.08377588 13109900000
-0.12915447 0.2949609 -0.11693716 13120000000
-0.1308998 0.44156867 -0.14835311 13129900000
-0.16057043 0.5602512 -0.17278774 13140000000
-0.20071304 0.64053637 -0.21293035 13149900000
-0.22514766 0.68766034 -0.2443463 13160000000
-0.20769437 0.67195237 -0.2617996 13169900000
-0.16580643 0.675443 -0.27576226 13180000000
-0.16406108 0.6457724 -0.27401692 13189900000
-0.18849573 0.5811951 -0.23561965 13200000000
-0.2094397 0.49567392 -0.19722238 13209900000
-0.20769437 0.45727664 -0.15707977 13220000000
-0.21118502 0.41713405 -0.106465176 13229900000
-0.21293035 0.453786 -0.05061459 13240000000
-0.2600543 0.48520195 -0.043633267 13249900000
-0.4939286 0.4660033 0.0052359924 13259900000
-0.58294046 0.232129 0.054105252 13269900000
-0.4764753 0.10122918 0.07330389 13280000000
-0.232129 0.054105252 0.07330389 13289900000
-0.013962646 -0.034906615 0.08203054 13300000000
0.09250253 -0.10995584 0.06283191 13309900000
0.16057043 -0.15009844 0.034906615 13320000000
0.2391103 -0.1134465 -0.010471985 13329900000
0.24609163 0.013962646 -0.038397275 13340000000
0.232129 0.15009844 -0.06981323 13349900000
0.17627841 0.26354495 -0.1134465 13360000000
0.038397275 0.3630288 -0.13439047 13369900000
-0.14311711 0.43458736 -0.13962646 13380000000
size: [396 1]
0.0
37000000.0
70111111.1111
106811111.111
138077777.778
173288888.889
204833333.333
240633333.333
274333333.333
307433333.333
338711111.111
372688888.889
410488888.889
438377777.778
471200000.0
504188888.889
538211111.111
571388888.889
605200000.0
640122222.222
669477777.778
704988888.889
739644444.444
770822222.222
802533333.333
838622222.222
872633333.333
905922222.222
938100000.0
973633333.333
1003911111.11
1039988888.89
1073011111.11
1106455555.56
1139900000.0
1172544444.44
1202988888.89
1240388888.89
1273144444.44
1307144444.44
1336177777.78
1373266666.67
1406622222.22
1435011111.11
1473622222.22
1506900000.0
1540588888.89
1573466666.67
1606633333.33
1640533333.33
1673366666.67
1707322222.22
1737000000.0
1773566666.67
1807311111.11
1840766666.67
1874222222.22
1906466666.67
1940511111.11
1973733333.33
2007122222.22
2041666666.67
2069900000.0
2108244444.44
2140822222.22
2173855555.56
2207644444.44
2241055555.56
2274466666.67
2307722222.22
2341333333.33
2374800000.0
2408144444.44
2436111111.11
2478188888.89
2508988888.89
2541733333.33
2574722222.22
2608100000.0
2642400000.0
2674444444.44
2706700000.0
2741233333.33
2774466666.67
2803777777.78
2841888888.89
2875122222.22
2909422222.22
2936977777.78
2974855555.56
3008366666.67
3041877777.78
3075066666.67
3109433333.33
3141500000.0
3175488888.89
3209044444.44
3242600000.0
3275377777.78
3308155555.56
3342888888.89
3375355555.56
3408811111.11
3442422222.22
3475100000.0
3509122222.22
3537000000.0
3577700000.0
3609944444.44
3642188888.89
3675788888.89
3709388888.89
3741033333.33
3774555555.56
3807744444.44
3841266666.67
3874688888.89
3908400000.0
3940844444.44
3975066666.67
4008277777.78
4040555555.56
4075044444.44
4108733333.33
4141900000.0
4175066666.67
4208344444.44
4241922222.22
4274933333.33
4308533333.33
4341377777.78
4375111111.11
4409077777.78
4443044444.44
4475755555.56
4508822222.22
4537844444.44
4575444444.44
4610911111.11
4642233333.33
4676211111.11
4708655555.56
4741722222.22
4775188888.89
4808655555.56
4841311111.11
4874344444.44
4908466666.67
4942000000.0
4975311111.11
5008622222.22
5041544444.44
5074466666.67
5108977777.78
5143188888.89
5175466666.67
5207744444.44
5240255555.56
5273933333.33
5307722222.22
5340422222.22
5374155555.56
5407166666.67
5443100000.0
5475066666.67
5508755555.56
5543344444.44
5573255555.56
5604766666.67
5646511111.11
5674088888.89
5708800000.0
5742911111.11
5775200000.0
5808411111.11
5841511111.11
5877100000.0
5909588888.89
5943311111.11
5973533333.33
6010555555.56
6040755555.56
6076933333.33
6110133333.33
6144077777.78
6173711111.11
6210022222.22
6243455555.56
6276711111.11
6310333333.33
6344644444.44
6377111111.11
6406888888.89
6443800000.0
6477244444.44
6510277777.78
6544133333.33
6577133333.33
6605900000.0
6642200000.0
6682555555.56
6709433333.33
6743933333.33
6777122222.22
6811155555.56
6844744444.44
6878333333.33
6907366666.67
6944811111.11
6977977777.78
7011422222.22
7044600000.0
7077777777.78
7111266666.67
7144755555.56
7177944444.44
7211133333.33
7245255555.56
7278588888.89
7312211111.11
7345122222.22
7378566666.67
7411788888.89
7445377777.78
7478844444.44
7512433333.33
7545477777.78
7579244444.44
7612333333.33
7645655555.56
7678977777.78
7706500000.0
7745011111.11
7778811111.11
7812355555.56
7845488888.89
7879311111.11
7912144444.44
7945811111.11
7979366666.67
8012766666.67
8045755555.56
8079277777.78
8112644444.44
8145822222.22
8179000000.0
8212611111.11
8246222222.22
8279833333.33
8312455555.56
8345800000.0
8379722222.22
8412577777.78
8445855555.56
8479488888.89
8511800000.0
8545833333.33
8578677777.78
8611922222.22
8645622222.22
8678700000.0
8712455555.56
8746211111.11
8779644444.44
8807544444.44
8847688888.89
8882266666.67
8912866666.67
8945577777.78
8979766666.67
9011777777.78
9046033333.33
9079966666.67
9112844444.44
9146822222.22
9179355555.56
9212600000.0
9246188888.89
9279344444.44
9312966666.67
9346244444.44
9379333333.33
9412844444.44
9446355555.56
9480355555.56
9512655555.56
9546022222.22
9578877777.78
9612355555.56
9645644444.44
9679655555.56
9712488888.89
9745911111.11
9779522222.22
9812266666.67
9841633333.33
9882311111.11
9913222222.22
9946122222.22
9979366666.67
10012211111.1
10046244444.4
10078311111.1
10111877777.8
10146011111.1
10178244444.4
10213577777.8
10244833333.3
10280288888.9
10312055555.6
10345611111.1
10379433333.3
10413366666.7
10444988888.9
10478755555.6
10511855555.6
10547077777.8
10578600000.0
10613177777.8
10647333333.3
10678011111.1
10719255555.6
10744733333.3
10779855555.6
10814266666.7
10843188888.9
10884488888.9
10911700000.0
10947466666.7
10981777777.8
11011066666.7
11044455555.6
11081177777.8
11114144444.4
11148366666.7
11181688888.9
11211300000.0
11248477777.8
11281411111.1
11311433333.3
11348400000.0
11381500000.0
11414600000.0
11448800000.0
11481322222.2
11515088888.9
11549411111.1
11582800000.0
11615544444.4
11648288888.9
11682577777.8
11715477777.8
11748888888.9
11778144444.4
11815066666.7
11843433333.3
11882111111.1
11915288888.9
11948900000.0
11982311111.1
12015566666.7
12049155555.6
12082177777.8
12115855555.6
12149244444.4
12182633333.3
12215644444.4
12249555555.6
12282666666.7
12316033333.3
12349833333.3
12382855555.6
12416000000.0
12449144444.4
12482855555.6
12513466666.7
12549766666.7
12582888888.9
12612000000.0
12650333333.3
12683100000.0
12716288888.9
12749477777.8
12782922222.2
12816011111.1
12849733333.3
12883188888.9
12916533333.3
12950388888.9
12977900000.0
13011900000.0
13052022222.2
13083788888.9
13117155555.6
13146855555.6
13184311111.1