size: [894 4]
-0.019198637 -0.012217315 -0.013962646 0
-0.015707977 -0.008726654 -0.019198637 9900000
-0.0052359924 0.012217315 -0.034906615 20000000
0.015707977 0.026179962 -0.034906615 29900000
0.034906615 0.029670622 -0.027925292 40000000
0.038397275 0.017453307 -0.026179962 49900000
0.04712393 0.0017453308 -0.031415954 60000000
0.043633267 -0.008726654 -0.034906615 69900000
0.031415954 -0.008726654 -0.043633267 80000000
0.026179962 -0.019198637 -0.04188794 89900000
0.012217315 -0.031415954 -0.038397275 100000000
0.0052359924 -0.04188794 -0.026179962 109900000
0.012217315 -0.040142607 -0.0226893 120000000
0.029670622 -0.026179962 -0.015707977 129900000
0.036651947 -0.0052359924 -0.02443463 140000000
0.04188794 0.013962646 -0.033161283 149900000
0.04188794 0.013962646 -0.0453786 160000000
0.0453786 0.0017453308 -0.052359924 169900000
0.04188794 -0.0034906615 -0.052359924 180000000
0.038397275 0.0017453308 -0.052359924 189900000
0.034906615 -0.0034906615 -0.05061459 200000000
0.04188794 -0.02443463 -0.055850584 209900000
0.057595916 -0.012217315 -0.06981323 220000000
0.07155856 0.026179962 -0.06981323 229900000
0.06981323 0.054105252 -0.0680679 240000000
0.055850584 0.0680679 -0.059341244 249900000
0.033161283 0.061086576 -0.057595916 260000000
0.0052359924 0.04712393 -0.055850584 269900000
-0.0226893 0.036651947 -0.066322565 280000000
-0.031415954 0.013962646 -0.07155856 289900000
-0.029670622 -0.006981323 -0.07504922 300000000
-0.019198637 -0.015707977 -0.080285214 309900000
-0.008726654 0.0 -0.07679455 320000000
0.012217315 0.02443463 -0.06283191 329900000
0.02443463 0.034906615 -0.043633267 340000000
0.02443463 0.034906615 -0.029670622 349900000
0.0 0.02094397 -0.017453307 360000000
-0.027925292 0.0052359924 -0.0034906615 369900000
-0.054105252 -0.0052359924 0.0017453308 380000000
-0.066322565 -0.0052359924 -0.0052359924 389900000
-0.061086576 0.0052359924 -0.013962646 400000000
-0.043633267 0.013962646 -0.036651947 409900000
-0.0226893 0.015707977 -0.05061459 420000000
-0.012217315 0.0034906615 -0.033161283 429900000
-0.017453307 -0.015707977 -0.013962646 440000000
-0.0453786 -0.027925292 0.0034906615 449900000
-0.06981323 -0.008726654 0.013962646 460000000
-0.07330389 0.026179962 0.0034906615 469900000
-0.054105252 0.0680679 -0.013962646 480000000
-0.013962646 0.07679455 -0.036651947 489900000
0.029670622 0.061086576 -0.052359924 500000000
0.066322565 0.04188794 -0.057595916 509900000
0.080285214 0.015707977 -0.052359924 520000000
0.06283191 -0.0052359924 -0.052359924 529900000
0.036651947 0.0017453308 -0.04712393 540000000
0.015707977 0.008726654 -0.040142607 549900000
0.0 0.015707977 -0.0453786 560000000
0.006981323 0.02094397 -0.052359924 569900000
0.026179962 0.026179962 -0.055850584 580000000
0.04188794 0.034906615 -0.06283191 589900000
0.04188794 0.038397275 -0.07504922 600000000
0.036651947 0.036651947 -0.087266535 609900000
0.038397275 0.029670622 -0.099483855 620000000
0.036651947 0.015707977 -0.09599319 629900000
0.040142607 0.0017453308 -0.07155856 640000000
0.052359924 -0.02094397 -0.04886926 649900000
0.052359924 -0.036651947 -0.0226893 660000000
0.036651947 -0.04886926 -0.0052359924 669900000
0.019198637 -0.04712393 0.0052359924 680000000
-0.0034906615 -0.029670622 0.012217315 689900000
-0.0226893 -0.0034906615 0.006981323 700000000
-0.031415954 0.006981323 -0.0052359924 709900000
-0.027925292 0.0052359924 -0.027925292 720000000
-0.010471985 -0.006981323 -0.0453786 729900000
0.012217315 -0.027925292 -0.061086576 740000000
0.043633267 -0.034906615 -0.06283191 749900000
0.066322565 -0.038397275 -0.06283191 760000000
0.06283191 -0.031415954 -0.061086576 769900000
0.036651947 -0.0226893 -0.0680679 780000000
0.02443463 -0.008726654 -0.07679455 789900000
0.0052359924 -0.010471985 -0.080285214 800000000
0.0 -0.019198637 -0.087266535 809900000
-0.0017453308 -0.034906615 -0.09599319 820000000
-0.0017453308 -0.04188794 -0.10122918 829900000
0.0034906615 -0.04712393 -0.10297451 840000000
-0.0034906615 -0.066322565 -0.09773852 849900000
-0.013962646 -0.085521206 -0.08901187 860000000
-0.0034906615 -0.078539886 -0.080285214 869900000
0.019198637 -0.059341244 -0.061086576 880000000
0.034906615 -0.019198637 -0.038397275 889900000
0.038397275 0.0034906615 -0.02443463 900000000
0.026179962 0.0 -0.019198637 909900000
0.013962646 -0.010471985 -0.02094397 920000000
0.026179962 -0.026179962 -0.027925292 929900000
0.04188794 -0.043633267 -0.04188794 940000000
0.066322565 -0.036651947 -0.054105252 949900000
0.057595916 -0.0052359924 -0.05061459 960000000
0.034906615 0.015707977 -0.033161283 969900000
-0.0034906615 0.026179962 -0.013962646 980000000
-0.036651947 0.012217315 0.015707977 989900000
-0.07155856 -0.0034906615 0.027925292 1000000000
-0.080285214 -0.0034906615 0.015707977 1009900000
-0.061086576 -0.013962646 -0.006981323 1020000000
-0.04712393 -0.0226893 -0.031415954 1029900000
-0.0226893 -0.008726654 -0.057595916 1040000000
-0.0034906615 0.0 -0.066322565 1049900000
0.0 0.008726654 -0.061086576 1060000000
-0.008726654 0.013962646 -0.043633267 1069900000
-0.02443463 -0.0052359924 -0.04188794 1080000000
-0.036651947 -0.019198637 -0.038397275 1089900000
-0.027925292 -0.015707977 -0.031415954 1100000000
-0.008726654 -0.008726654 -0.029670622 1109900000
0.013962646 0.006981323 -0.034906615 1120000000
0.012217315 0.026179962 -0.031415954 1129900000
-0.006981323 0.040142607 -0.017453307 1140000000
-0.0453786 0.033161283 -0.0052359924 1149900000
-0.07679455 0.013962646 0.010471985 1160000000
-0.10122918 -0.008726654 0.017453307 1169900000
-0.09773852 -0.010471985 0.0034906615 1180000000
-0.07155856 -0.012217315 -0.02443463 1189900000
-0.040142607 -0.013962646 -0.052359924 1200000000
0.02094397 -0.008726654 -0.08377588 1209900000
0.06283191 0.013962646 -0.10471985 1220000000
0.08377588 0.029670622 -0.10995584 1229900000
0.080285214 0.031415954 -0.108210504 1240000000
0.0453786 0.026179962 -0.099483855 1249900000
0.010471985 0.019198637 -0.08203054 1260000000
-0.0226893 0.019198637 -0.055850584 1269900000
-0.027925292 0.043633267 -0.05061459 1280000000
-0.02443463 0.06981323 -0.040142607 1289900000
-0.015707977 0.07679455 -0.04188794 1300000000
-0.012217315 0.061086576 -0.043633267 1309900000
-0.026179962 0.057595916 -0.034906615 1320000000
-0.031415954 0.052359924 -0.015707977 1329900000
-0.04712393 0.052359924 0.0034906615 1340000000
-0.04712393 0.057595916 0.017453307 1349900000
-0.055850584 0.07330389 0.013962646 1360000000
-0.043633267 0.06981323 0.013962646 1369900000
-0.040142607 0.052359924 0.0 1380000000
-0.017453307 0.040142607 -0.013962646 1389900000
0.010471985 0.043633267 -0.026179962 1400000000
0.019198637 0.0453786 -0.015707977 1409900000
0.019198637 0.0680679 0.0052359924 1420000000
0.012217315 0.0680679 0.02443463 1429900000
-0.010471985 0.04188794 0.02443463 1440000000
-0.026179962 0.02443463 0.0 1449900000
-0.02443463 0.006981323 -0.02443463 1460000000
-0.0034906615 0.0017453308 -0.043633267 1469900000
0.027925292 0.019198637 -0.06981323 1480000000
0.04886926 0.02094397 -0.08203054 1489900000
0.059341244 0.029670622 -0.07504922 1500000000
0.040142607 0.013962646 -0.06283191 1509900000
0.0052359924 0.0052359924 -0.054105252 1520000000
-0.015707977 0.010471985 -0.04188794 1529900000
-0.031415954 0.02443463 -0.026179962 1540000000
-0.027925292 0.026179962 -0.0226893 1549900000
-0.017453307 0.019198637 -0.027925292 1560000000
-0.0052359924 0.006981323 -0.04712393 1569900000
0.012217315 0.012217315 -0.06283191 1580000000
0.02094397 0.010471985 -0.07330389 1589900000
0.019198637 0.013962646 -0.0680679 1600000000
0.006981323 0.015707977 -0.04188794 1609900000
0.0052359924 -0.0034906615 -0.02094397 1620000000
-0.006981323 -0.02443463 -0.013962646 1629900000
-0.013962646 -0.02443463 -0.008726654 1640000000
-0.027925292 0.0 -0.008726654 1649900000
-0.038397275 0.026179962 -0.0226893 1660000000
-0.038397275 0.040142607 -0.04188794 1669900000
-0.040142607 0.04712393 -0.04712393 1680000000
-0.04712393 0.040142607 -0.05061459 1689900000
-0.0453786 0.019198637 -0.054105252 1700000000
-0.04188794 0.0052359924 -0.06457724 1709900000
-0.040142607 0.0 -0.06981323 1720000000
-0.02443463 0.019198637 -0.080285214 1729900000
0.0 0.033161283 -0.08203054 1740000000
0.010471985 0.038397275 -0.06981323 1749900000
0.012217315 0.027925292 -0.061086576 1760000000
0.0017453308 -0.0034906615 -0.04188794 1769900000
-0.015707977 -0.010471985 -0.026179962 1780000000
-0.027925292 -0.010471985 -0.013962646 1789900000
-0.036651947 0.0 -0.013962646 1800000000
-0.04712393 0.0052359924 -0.017453307 1809900000
-0.057595916 0.0052359924 -0.017453307 1820000000
-0.06283191 0.02443463 -0.0226893 1829900000
-0.055850584 0.038397275 -0.029670622 1840000000
-0.036651947 0.052359924 -0.033161283 1849900000
-0.017453307 0.06283191 -0.038397275 1860000000
0.0017453308 0.06981323 -0.04712393 1869900000
0.008726654 0.0680679 -0.057595916 1880000000
0.015707977 0.043633267 -0.06283191 1889900000
0.02094397 0.02443463 -0.07155856 1900000000
0.02443463 0.02443463 -0.07155856 1909900000
0.031415954 0.033161283 -0.07504922 1920000000
0.031415954 0.057595916 -0.066322565 1929900000
0.031415954 0.087266535 -0.06981323 1940000000
0.019198637 0.1134465 -0.066322565 1949900000
0.0017453308 0.14137179 -0.07155856 1960000000
-0.0017453308 0.15184377 -0.07504922 1969900000
0.0 0.18325973 -0.06981323 1980000000
-0.0034906615 0.232129 -0.052359924 1989900000
-0.0017453308 0.28274357 -0.015707977 2000000000
-0.006981323 0.3298675 0.013962646 2009900000
-0.0226893 0.34906614 0.02443463 2020000000
-0.034906615 0.33335817 0.019198637 2029900000
-0.038397275 0.30892354 0.015707977 2040000000
-0.036651947 0.29147023 0.008726654 2049900000
-0.040142607 0.30892354 0.012217315 2060000000
-0.04188794 0.35255682 0.027925292 2069900000
-0.04712393 0.39793542 0.019198637 2080000000
-0.052359924 0.42760605 0.019198637 2089900000
-0.059341244 0.44505933 0.019198637 2100000000
-0.06283191 0.464258 0.031415954 2109900000
-0.059341244 0.4782206 0.034906615 2120000000
-0.05061459 0.4782206 0.033161283 2129900000
-0.029670622 0.4834566 0.017453307 2140000000
0.0017453308 0.49567392 0.0052359924 2149900000
0.026179962 0.5218539 -0.010471985 2160000000
0.029670622 0.54628855 -0.012217315 2169900000
0.0226893 0.56548715 -0.015707977 2180000000
0.0034906615 0.57246846 -0.010471985 2189900000
-0.006981323 0.5811951 -0.006981323 2200000000
-0.008726654 0.5916671 -0.017453307 2209900000
0.0017453308 0.6143564 -0.010471985 2220000000
0.013962646 0.6422817 -0.006981323 2229900000
0.006981323 0.6527537 -0.0017453308 2240000000
-0.017453307 0.65624434 0.012217315 2249900000
-0.04886926 0.6457724 0.008726654 2260000000
-0.05061459 0.6422817 -0.0017453308 2269900000
-0.02094397 0.6789337 -0.02094397 2280000000
0.0017453308 0.7295483 -0.0453786 2289900000
0.029670622 0.7504922 -0.07330389 2300000000
0.04188794 0.76270956 -0.078539886 2309900000
0.040142607 0.7470016 -0.06283191 2320000000
0.029670622 0.70162296 -0.033161283 2329900000
0.0034906615 0.6789337 0.0052359924 2340000000
-0.017453307 0.6928963 0.0226893 2349900000
-0.027925292 0.7365296 0.013962646 2360000000
-0.017453307 0.7731815 -0.0017453308 2369900000
-0.010471985 0.7871442 -0.0017453308 2380000000
0.0017453308 0.7609642 -0.02094397 2389900000
-0.012217315 0.7400202 -0.027925292 2400000000
-0.0226893 0.7295483 -0.02443463 2409900000
-0.031415954 0.73478425 -0.013962646 2420000000
-0.0226893 0.7487469 -0.02443463 2429900000
-0.017453307 0.7504922 -0.04712393 2440000000
-0.012217315 0.7400202 -0.08377588 2449900000
0.0034906615 0.7365296 -0.09424786 2460000000
0.015707977 0.73129356 -0.08901187 2469900000
0.015707977 0.7365296 -0.052359924 2480000000
0.015707977 0.7260576 -0.02094397 2489900000
0.012217315 0.7086043 0.0 2500000000
0.008726654 0.6998776 0.017453307 2509900000
-0.017453307 0.72431225 0.029670622 2520000000
-0.04712393 0.7609642 0.027925292 2529900000
-0.085521206 0.77492684 0.033161283 2540000000
-0.1134465 0.7784175 0.02443463 2549900000
-0.10471985 0.7731815 -0.0052359924 2560000000
-0.052359924 0.7696909 -0.026179962 2569900000
-0.008726654 0.76445484 -0.043633267 2580000000
0.031415954 0.73827493 -0.05061459 2589900000
0.04712393 0.7295483 -0.029670622 2600000000
0.034906615 0.73129356 0.008726654 2609900000
0.017453307 0.73129356 0.038397275 2620000000
-0.0226893 0.72780293 0.057595916 2629900000
-0.06283191 0.7208216 0.05061459 2640000000
-0.08203054 0.7103496 0.034906615 2649900000
-0.07504922 0.6928963 0.0226893 2660000000
-0.043633267 0.68766034 0.02443463 2669900000
-0.015707977 0.675443 0.019198637 2680000000
-0.0034906615 0.649263 0.013962646 2689900000
-0.010471985 0.6527537 0.019198637 2700000000
-0.0226893 0.6579897 0.034906615 2709900000
-0.04188794 0.6527537 0.057595916 2720000000
-0.054105252 0.64053637 0.07330389 2729900000
-0.059341244 0.60562974 0.085521206 2740000000
-0.054105252 0.57944983 0.080285214 2749900000
-0.054105252 0.55850583 0.07504922 2760000000
-0.05061459 0.5550152 0.05061459 2769900000
-0.031415954 0.5567605 0.006981323 2780000000
0.013962646 0.56548715 -0.033161283 2789900000
0.054105252 0.5672325 -0.06457724 2800000000
0.0907572 0.54279786 -0.087266535 2808000000
0.10297451 0.49043795 -0.10995584 2820000000
0.09773852 0.46076733 -0.11519183 2829900000
0.06981323 0.45553133 -0.10297451 2840000000
0.029670622 0.46774864 -0.07504922 2849900000
-0.027925292 0.48520195 -0.05061459 2860000000
-0.055850584 0.47996596 -0.02094397 2869900000
-0.061086576 0.459022 0.006981323 2880000000
-0.06283191 0.41189805 0.017453307 2889900000
-0.055850584 0.3700101 0.019198637 2900000000
-0.031415954 0.34557548 0.010471985 2909900000
-0.017453307 0.3298675 -0.0052359924 2920000000
0.0017453308 0.31590486 -0.02443463 2929900000
0.0226893 0.3124142 -0.02443463 2940000000
0.04886926 0.29845157 -0.013962646 2949900000
0.0680679 0.28274357 0.015707977 2960000000
0.061086576 0.24783696 0.038397275 2969900000
0.05061459 0.20769437 0.034906615 2980000000
0.038397275 0.17453307 0.027925292 2989900000
0.040142607 0.17627841 0.0034906615 3000000000
0.057595916 0.18849573 -0.026179962 3009900000
0.07330389 0.20071304 -0.057595916 3020000000
0.078539886 0.17627841 -0.06981323 3029900000
0.06457724 0.1361358 -0.07504922 3040000000
0.043633267 0.106465176 -0.066322565 3049900000
0.036651947 0.08203054 -0.07155856 3060000000
0.034906615 0.07330389 -0.08377588 3069900000
0.029670622 0.087266535 -0.09599319 3080000000
0.026179962 0.10297451 -0.108210504 3089900000
0.034906615 0.0907572 -0.099483855 3100000000
0.04188794 0.06283191 -0.078539886 3109900000
0.02443463 0.057595916 -0.04188794 3120000000
-0.013962646 0.057595916 -0.010471985 3129900000
-0.052359924 0.057595916 0.015707977 3140000000
-0.059341244 0.02094397 -0.0052359924 3149900000
-0.04188794 -0.013962646 -0.026179962 3160000000
-0.0034906615 -0.02094397 -0.043633267 3169900000
0.034906615 -0.017453307 -0.038397275 3180000000
0.0680679 -0.0052359924 -0.02443463 3189900000
0.07330389 -0.012217315 -0.006981323 3200000000
0.04188794 -0.02443463 -0.0052359924 3209900000
0.015707977 -0.040142607 -0.02443463 3220000000
-0.006981323 -0.04712393 -0.031415954 3229900000
0.0017453308 -0.04712393 -0.031415954 3240000000
0.015707977 -0.027925292 -0.008726654 3249900000
0.0034906615 -0.0034906615 0.029670622 3260000000
-0.031415954 0.0 0.057595916 3269900000
-0.06981323 -0.012217315 0.06457724 3280000000
-0.0907572 -0.033161283 0.061086576 3289900000
-0.09424786 -0.04712393 0.034906615 3300000000
-0.06283191 -0.05061459 0.0 3309900000
-0.02094397 -0.031415954 -0.02094397 3320000000
0.0 0.008726654 -0.040142607 3329900000
0.0034906615 0.031415954 -0.038397275 3340000000
0.0 0.026179962 -0.04712393 3349900000
-0.015707977 0.0017453308 -0.066322565 3360000000
-0.013962646 0.0034906615 -0.06981323 3369900000
0.02094397 -0.010471985 -0.07504922 3380000000
0.057595916 -0.04188794 -0.061086576 3389900000
0.07330389 -0.06283191 -0.061086576 3400000000
0.059341244 -0.06981323 -0.04886926 3409900000
0.027925292 -0.05061459 -0.034906615 3420000000
-0.0034906615 -0.02094397 -0.02094397 3429900000
-0.02443463 -0.0034906615 -0.026179962 3440000000
-0.0453786 -0.0034906615 -0.059341244 3449900000
-0.04188794 0.0052359924 -0.099483855 3460000000
-0.034906615 0.0017453308 -0.12566382 3469900000
-0.006981323 0.0017453308 -0.12566382 3480000000
0.0052359924 0.019198637 -0.106465176 3489900000
-0.0017453308 0.02443463 -0.06981323 3500000000
-0.0226893 0.02443463 -0.040142607 3509900000
-0.04712393 0.0017453308 -0.02094397 3520000000
-0.04188794 -0.019198637 -0.029670622 3529900000
-0.013962646 -0.0226893 -0.040142607 3540000000
0.026179962 -0.010471985 -0.055850584 3549900000
0.061086576 -0.0034906615 -0.07504922 3560000000
0.06457724 0.006981323 -0.0907572 3569900000
0.06283191 0.02443463 -0.09424786 3580000000
0.038397275 0.04712393 -0.0907572 3589900000
0.017453307 0.055850584 -0.07155856 3600000000
0.0017453308 0.057595916 -0.0453786 3609900000
-0.017453307 0.043633267 -0.031415954 3620000000
-0.017453307 0.026179962 -0.02094397 3629900000
-0.013962646 0.0034906615 -0.026179962 3640000000
-0.010471985 -0.0034906615 -0.034906615 3649900000
-0.010471985 0.015707977 -0.040142607 3660000000
-0.008726654 0.04886926 -0.04712393 3669900000
-0.006981323 0.06981323 -0.055850584 3680000000
0.006981323 0.07330389 -0.07155856 3689900000
0.02443463 0.05061459 -0.078539886 3700000000
0.040142607 0.02094397 -0.07155856 3709900000
0.0453786 -0.026179962 -0.06283191 3720000000
0.04188794 -0.036651947 -0.04188794 3729900000
0.036651947 -0.026179962 -0.029670622 3740000000
0.019198637 -0.010471985 -0.019198637 3749900000
0.0017453308 -0.008726654 -0.02094397 3760000000
-0.02094397 -0.027925292 -0.027925292 3769900000
-0.0226893 -0.0453786 -0.04188794 3780000000
-0.0226893 -0.054105252 -0.055850584 3789900000
-0.019198637 -0.0680679 -0.061086576 3800000000
-0.019198637 -0.06457724 -0.057595916 3809900000
-0.008726654 -0.06457724 -0.057595916 3820000000
0.008726654 -0.09250253 -0.04712393 3829900000
0.02443463 -0.13264513 -0.02443463 3840000000
0.02443463 -0.17627841 -0.0017453308 3849900000
0.006981323 -0.20071304 0.0226893 3860000000
-0.015707977 -0.22165701 0.031415954 3869900000
-0.031415954 -0.23387432 0.02094397 3880000000
-0.038397275 -0.25307295 0.010471985 3889900000
-0.036651947 -0.2722716 -0.008726654 3900000000
-0.033161283 -0.28797957 -0.038397275 3909900000
-0.02443463 -0.29147023 -0.06283191 3920000000
0.0 -0.30368754 -0.080285214 3929900000
0.015707977 -0.3106689 -0.085521206 3940000000
0.019198637 -0.32812217 -0.07155856 3949900000
-0.0017453308 -0.35081148 -0.04712393 3960000000
-0.034906615 -0.3752461 -0.036651947 3969900000
-0.059341244 -0.40142608 -0.031415954 3980000000
-0.08203054 -0.41713405 -0.02443463 3989900000
-0.080285214 -0.42935136 -0.019198637 4000000000
-0.07504922 -0.42935136 -0.0017453308 4009900000
-0.080285214 -0.44680467 0.008726654 4020000000
-0.08377588 -0.48694727 -0.008726654 4029900000
-0.087266535 -0.5235992 -0.04188794 4040000000
-0.080285214 -0.53581655 -0.080285214 4049900000
-0.055850584 -0.54803383 -0.11868249 4060000000
-0.029670622 -0.5410525 -0.13962646 4069900000
-0.026179962 -0.5061459 -0.13264513 4080000000
-0.031415954 -0.49916458 -0.106465176 4089900000
-0.031415954 -0.52534455 -0.099483855 4100000000
-0.040142607 -0.5637418 -0.09250253 4109900000
-0.08203054 -0.6108658 -0.11868249 4120000000
-0.08901187 -0.649263 -0.1588251 4129900000
-0.052359924 -0.67369765 -0.18325973 4140000000
-0.012217315 -0.65449905 -0.19547704 4149900000
0.02094397 -0.6422817 -0.19024105 4160000000
0.019198637 -0.6213378 -0.16406108 4169900000
-0.013962646 -0.6300644 -0.12391848 4180000000
-0.06283191 -0.6527537 -0.07504922 4189900000
-0.11519183 -0.68067896 -0.036651947 4200000000
-0.15009844 -0.6894056 -0.012217315 4209900000
-0.1535891 -0.71733093 -0.008726654 4220000000
-0.13788113 -0.7487469 -0.026179962 4229900000
-0.10122918 -0.7696909 -0.05061459 4240000000
-0.059341244 -0.8011068 -0.080285214 4249900000
-0.019198637 -0.81506944 -0.099483855 4260000000
0.013962646 -0.82030547 -0.106465176 4269900000
0.027925292 -0.8185601 -0.11519183 4280000000
0.026179962 -0.81332415 -0.108210504 4289900000
0.026179962 -0.8115788 -0.09424786 4300000000
0.02094397 -0.8237961 -0.07679455 4309900000
0.006981323 -0.8587027 -0.08203054 4320000000
-0.008726654 -0.8848827 -0.0907572 4329900000
-0.02094397 -0.8883734 -0.08901187 4340000000
-0.031415954 -0.88662803 -0.087266535 4349900000
-0.038397275 -0.88313735 -0.087266535 4360000000
-0.04188794 -0.8796467 -0.09599319 4369900000
-0.059341244 -0.8848827 -0.10122918 4380000000
-0.06283191 -0.8796467 -0.106465176 4389900000
-0.06283191 -0.8796467 -0.10297451 4400000000
-0.06457724 -0.89360934 -0.10122918 4409900000
-0.038397275 -0.9162986 -0.11868249 4420000000
-0.017453307 -0.92327994 -0.13788113 4429900000
-0.0017453308 -0.9267706 -0.16755176 4440000000
0.015707977 -0.907572 -0.17627841 4449900000
0.040142607 -0.8883734 -0.16406108 4460000000
0.04188794 -0.88313735 -0.13788113 4469900000
0.026179962 -0.89710003 -0.106465176 4480000000
-0.012217315 -0.912808 -0.07679455 4489900000
-0.057595916 -0.918044 -0.061086576 4500000000
-0.08203054 -0.912808 -0.043633267 4509900000
-0.080285214 -0.89710003 -0.036651947 4520000000
-0.059341244 -0.8883734 -0.04188794 4529900000
-0.043633267 -0.8726654 -0.043633267 4540000000
-0.038397275 -0.86568403 -0.031415954 4549900000
-0.04886926 -0.8691747 -0.034906615 4560000000
-0.066322565 -0.8796467 -0.04712393 4569900000
-0.08377588 -0.8848827 -0.07155856 4580000000
-0.09424786 -0.8621934 -0.07504922 4589900000
-0.085521206 -0.82030547 -0.07330389 4600000000
-0.05061459 -0.7766722 -0.07330389 4609900000
-0.010471985 -0.73827493 -0.085521206 4620000000
0.0034906615 -0.7225669 -0.10297451 4629900000
-0.012217315 -0.7295483 -0.1134465 4640000000
-0.02094397 -0.7225669 -0.120427825 4649900000
-0.008726654 -0.670207 -0.11170117 4660000000
0.006981323 -0.61610174 -0.106465176 4669900000
0.034906615 -0.5218539 -0.085521206 4680000000
0.052359924 -0.5410525 -0.106465176 4689900000
0.066322565 -0.54803383 -0.12915447 4700000000
0.08901187 -0.5166179 -0.13264513 4709900000
0.09599319 -0.46076733 -0.10995584 4720000000
0.05061459 -0.47472996 -0.08203054 4729900000
-0.031415954 -0.5305805 -0.07155856 4740000000
-0.099483855 -0.5951578 -0.057595916 4749900000
-0.12915447 -0.6527537 -0.038397275 4760000000
-0.13962646 -0.66148037 -0.015707977 4769900000
-0.120427825 -0.6021391 0.0017453308 4780000000
-0.10471985 -0.52534455 0.019198637 4789900000
-0.09424786 -0.46774864 0.0 4800000000
-0.08203054 -0.44505933 -0.0052359924 4809900000
-0.06981323 -0.45204067 -0.0052359924 4820000000
-0.057595916 -0.45727664 0.0 4829900000
-0.05061459 -0.47298464 -0.0017453308 4840000000
-0.04712393 -0.4712393 -0.008726654 4849900000
-0.054105252 -0.44680467 -0.02094397 4860000000
-0.0680679 -0.41189805 -0.0453786 4869900000
-0.06981323 -0.37175545 -0.06283191 4880000000
-0.05061459 -0.3176502 -0.057595916 4889900000
-0.031415954 -0.27925292 -0.031415954 4900000000
-0.0052359924 -0.2600543 -0.010471985 4909900000
0.013962646 -0.2600543 0.0017453308 4920000000
0.008726654 -0.24783696 -0.015707977 4929900000
-0.0017453308 -0.24958229 -0.026179962 4940000000
0.0052359924 -0.22863832 -0.033161283 4949900000
0.015707977 -0.2094397 -0.04712393 4960000000
0.02443463 -0.19373171 -0.05061459 4969900000
0.019198637 -0.16755176 -0.04712393 4980000000
0.015707977 -0.14835311 -0.052359924 4989900000
0.0 -0.13264513 -0.057595916 5000000000
0.0017453308 -0.13788113 -0.055850584 5009900000
0.012217315 -0.14660779 -0.057595916 5020000000
0.033161283 -0.13439047 -0.06283191 5029900000
0.0453786 -0.10297451 -0.06981323 5040000000
0.052359924 -0.057595916 -0.085521206 5049900000
0.036651947 -0.033161283 -0.10995584 5060000000
0.012217315 -0.034906615 -0.108210504 5069900000
-0.012217315 -0.034906615 -0.09250253 5080000000
-0.029670622 -0.015707977 -0.066322565 5089900000
-0.043633267 0.0 -0.04886926 5100000000
-0.05061459 0.015707977 -0.040142607 5109900000
-0.036651947 0.019198637 -0.036651947 5120000000
-0.027925292 0.029670622 -0.02443463 5127900000
-0.008726654 0.040142607 -0.019198637 5140000000
-0.0034906615 0.04886926 -0.010471985 5149900000
-0.012217315 0.054105252 -0.019198637 5160000000
-0.02094397 0.052359924 -0.026179962 5169900000
-0.019198637 0.059341244 -0.043633267 5180000000
-0.006981323 0.06981323 -0.052359924 5189900000
0.019198637 0.087266535 -0.052359924 5200000000
0.027925292 0.09599319 -0.055850584 5209900000
0.027925292 0.09773852 -0.04712393 5220000000
0.006981323 0.09250253 -0.06283191 5229900000
-0.0034906615 0.09424786 -0.080285214 5240000000
-0.006981323 0.11693716 -0.09424786 5249900000
0.017453307 0.13439047 -0.099483855 5260000000
0.043633267 0.14311711 -0.099483855 5269900000
0.061086576 0.15184377 -0.080285214 5280000000
0.04886926 0.1535891 -0.0453786 5289900000
0.034906615 0.14137179 -0.026179962 5300000000
0.010471985 0.11868249 -0.013962646 5309900000
-0.0034906615 0.120427825 -0.031415954 5320000000
-0.008726654 0.12391848 -0.036651947 5329900000
-0.0034906615 0.15184377 -0.04188794 5340000000
-0.006981323 0.18849573 -0.043633267 5349900000
-0.012217315 0.2094397 -0.04712393 5360000000
-0.013962646 0.232129 -0.052359924 5369900000
-0.0226893 0.2391103 -0.055850584 5380000000
-0.029670622 0.2391103 -0.04712393 5389900000
-0.027925292 0.24609163 -0.031415954 5400000000
-0.034906615 0.2722716 -0.006981323 5409900000
-0.04188794 0.2949609 0.017453307 5420000000
-0.043633267 0.30892354 0.017453307 5429900000
-0.05061459 0.31415954 0.012217315 5440000000
-0.05061459 0.32114086 -0.008726654 5449900000
-0.05061459 0.33684883 -0.026179962 5460000000
-0.033161283 0.35430214 -0.026179962 5469900000
-0.027925292 0.38397276 -0.015707977 5480000000
-0.036651947 0.4084074 -0.008726654 5489900000
-0.04886926 0.41538873 -0.0017453308 5500000000
-0.061086576 0.40491673 -0.006981323 5509900000
-0.057595916 0.40666208 -0.0226893 5520000000
-0.04188794 0.39793542 -0.05061459 5529900000
-0.0052359924 0.40666208 -0.0680679 5540000000
0.036651947 0.4206247 -0.0907572 5549900000
0.061086576 0.43982336 -0.10471985 5560000000
0.07155856 0.46076733 -0.120427825 5569900000
0.059341244 0.47298464 -0.12391848 5580000000
0.031415954 0.49567392 -0.12391848 5589900000
-0.0034906615 0.5201086 -0.1134465 5600000000
-0.027925292 0.5672325 -0.09773852 5609900000
-0.031415954 0.6021391 -0.07155856 5620000000
-0.031415954 0.64053637 -0.066322565 5629900000
-0.043633267 0.62657374 -0.07679455 5640000000
-0.06981323 0.6091204 -0.07330389 5649900000
-0.085521206 0.6091204 -0.04712393 5660000000
-0.10297451 0.6387911 -0.0052359924 5669900000
-0.10297451 0.68766034 0.038397275 5680000000
-0.09773852 0.72780293 0.07155856 5689900000
-0.080285214 0.7365296 0.09250253 5700000000
-0.07330389 0.7365296 0.09599319 5709900000
-0.06283191 0.73827493 0.07679455 5720000000
-0.05061459 0.73129356 0.06283191 5729900000
-0.031415954 0.74176556 0.038397275 5740000000
-0.006981323 0.7871442 0.010471985 5749900000
-0.0017453308 0.84299475 -0.015707977 5760000000
0.0052359924 0.89710003 -0.027925292 5769900000
-0.0034906615 0.9197893 -0.019198637 5780000000
-0.010471985 0.8953547 -0.0034906615 5789900000
-0.02443463 0.8726654 0.017453307 5800000000
-0.033161283 0.8517214 0.036651947 5809900000
-0.031415954 0.83950406 0.043633267 5820000000
-0.006981323 0.8517214 0.027925292 5829900000
0.015707977 0.8587027 0.0226893 5840000000
0.038397275 0.8569574 0.0226893 5849900000
0.066322565 0.8447401 0.034906615 5860000000
0.07155856 0.83601344 0.057595916 5869900000
0.0680679 0.82030547 0.07679455 5880000000
0.04886926 0.80285215 0.0907572 5889900000
0.026179962 0.7679455 0.10122918 5900000000
0.008726654 0.73129356 0.11170117 5909900000
-0.008726654 0.7033683 0.11693716 5920000000
0.010471985 0.6981323 0.12217315 5929900000
0.040142607 0.70162296 0.11693716 5940000000
0.09424786 0.7103496 0.11170117 5949900000
0.13962646 0.70511365 0.10122918 5960000000
0.15533444 0.670207 0.080285214 5969900000
0.13962646 0.6143564 0.04188794 5980000000
0.1134465 0.58294046 0.017453307 5989900000
0.10122918 0.5811951 0.0 6000000000
0.10471985 0.5811951 -0.019198637 6009900000
0.11693716 0.5707232 -0.040142607 6020000000
0.11693716 0.56548715 -0.0680679 6029900000
0.1134465 0.5567605 -0.08377588 6040000000
0.10995584 0.52883524 -0.080285214 6049900000
0.10122918 0.47996596 -0.066322565 6060000000
0.0907572 0.43458736 -0.034906615 6069900000
0.0907572 0.4136434 -0.0226893 6080000000
0.09250253 0.39619008 -0.0017453308 6089900000
0.099483855 0.36651945 0.0034906615 6100000000
0.10122918 0.32114086 0.0017453308 6109900000
0.10471985 0.27052626 0.0034906615 6120000000
0.09599319 0.226893 0.010471985 6129900000
0.080285214 0.17976907 0.026179962 6140000000
0.052359924 0.13962646 0.040142607 6149900000
0.036651947 0.106465176 0.036651947 6160000000
0.033161283 0.07155856 0.033161283 6169900000
0.04886926 0.04712393 0.0226893 6180000000
0.07155856 0.02443463 0.0226893 6189900000
0.08203054 -0.010471985 0.019198637 6200000000
0.08203054 -0.052359924 0.0226893 6209900000
0.057595916 -0.09250253 0.040142607 6220000000
0.02443463 -0.11693716 0.052359924 6229900000
-0.015707977 -0.15184377 0.0453786 6240000000
-0.04188794 -0.19024105 0.027925292 6249900000
-0.055850584 -0.21467568 -0.012217315 6260000000
-0.04188794 -0.23736498 -0.052359924 6269900000
-0.013962646 -0.25656363 -0.10122918 6280000000
0.010471985 -0.27401692 -0.12740915 6289900000
0.019198637 -0.30892354 -0.14311711 6300000000
0.0034906615 -0.34906614 -0.13788113 6309900000
-0.034906615 -0.3735008 -0.11170117 6320000000
-0.09424786 -0.40142608 -0.08901187 6329900000
-0.12566382 -0.42237005 -0.06283191 6340000000
-0.14137179 -0.43284202 -0.04712393 6349900000
-0.13264513 -0.459022 -0.027925292 6360000000
-0.11170117 -0.4886926 -0.0226893 6369900000
-0.087266535 -0.5044006 -0.038397275 6380000000
-0.0680679 -0.52883524 -0.04712393 6389900000
-0.04886926 -0.54803383 -0.07504922 6400000000
-0.036651947 -0.57595915 -0.099483855 6409900000
-0.027925292 -0.5986484 -0.1134465 6420000000
-0.019198637 -0.6003938 -0.10297451 6429900000
-0.012217315 -0.6108658 -0.07155856 6440000000
-0.012217315 -0.6300644 -0.055850584 6449900000
-0.02443463 -0.65624434 -0.0680679 6460000000
-0.04712393 -0.6981323 -0.09424786 6469900000
-0.059341244 -0.72780293 -0.12915447 6480000000
-0.04712393 -0.7330389 -0.17453307 6489900000
-0.008726654 -0.7225669 -0.19722238 6500000000
0.026179962 -0.7138403 -0.20245837 6509900000
0.0453786 -0.7225669 -0.19722238 6520000000
0.054105252 -0.7487469 -0.17802374 6529900000
0.043633267 -0.76270956 -0.16929708 6540000000
0.036651947 -0.7766722 -0.16580643 6549900000
0.0226893 -0.7784175 -0.16406108 6560000000
0.0017453308 -0.80983347 -0.1588251 6569900000
-0.0034906615 -0.8552121 -0.13962646 6580000000
-0.015707977 -0.89710003 -0.11693716 6589900000
-0.02443463 -0.912808 -0.08377588 6600000000
-0.017453307 -0.8953547 -0.07504922 6609900000
-0.008726654 -0.87615603 -0.080285214 6620000000
-0.0034906615 -0.86044806 -0.09599319 6629900000
0.019198637 -0.8726654 -0.11868249 6640000000
0.036651947 -0.8848827 -0.120427825 6649900000
0.05061459 -0.87615603 -0.11868249 6660000000
0.040142607 -0.8691747 -0.11519183 6669900000
0.02094397 -0.86393875 -0.10995584 6680000000
-0.006981323 -0.87092006 -0.11170117 6689900000
-0.017453307 -0.902336 -0.120427825 6700000000
-0.010471985 -0.9320066 -0.14311711 6709900000
0.0052359924 -0.94422394 -0.13788113 6720000000
0.031415954 -0.91106266 -0.11868249 6729900000
0.043633267 -0.8621934 -0.09773852 6740000000
0.04886926 -0.85346675 -0.08901187 6749900000
0.026179962 -0.84997606 -0.08901187 6760000000
-0.0226893 -0.8482307 -0.08203054 6769900000
-0.055850584 -0.8482307 -0.087266535 6780000000
-0.09250253 -0.87092006 -0.09424786 6789900000
-0.09773852 -0.891864 -0.087266535 6800000000
-0.07679455 -0.8988453 -0.07155856 6809900000
-0.06283191 -0.891864 -0.05061459 6820000000
-0.05061459 -0.8726654 -0.06283191 6829900000
-0.04188794 -0.8621934 -0.07504922 6840000000
-0.02443463 -0.85346675 -0.085521206 6849900000
-0.0034906615 -0.8517214 -0.080285214 6860000000
-0.0034906615 -0.86393875 -0.055850584 6869900000
-0.026179962 -0.8691747 -0.029670622 6880000000
-0.055850584 -0.8569574 -0.0226893 6889900000
-0.06457724 -0.82030547 -0.02443463 6900000000
-0.0680679 -0.7766722 -0.0453786 6909900000
-0.052359924 -0.75572824 -0.07504922 6920000000
-0.0226893 -0.7539829 -0.080285214 6929900000
0.0034906615 -0.7487469 -0.07155856 6940000000
0.0017453308 -0.75223756 -0.052359924 6949900000
-0.02443463 -0.7504922 -0.05061459 6960000000
-0.061086576 -0.76270956 -0.05061459 6969900000
-0.08203054 -0.7592189 -0.061086576 6980000000
-0.08203054 -0.7365296 -0.07679455 6989900000
-0.04712393 -0.6928963 -0.087266535 7000000000
0.0034906615 -0.6300644 -0.09599319 7009900000
0.033161283 -0.6108658 -0.09599319 7020000000
0.04188794 -0.6213378 -0.10471985 7029900000
0.029670622 -0.6422817 -0.1134465 7040000000
0.006981323 -0.6422817 -0.1134465 7049900000
-0.019198637 -0.5986484 -0.099483855 7060000000
-0.0453786 -0.5340712 -0.07679455 7069900000
-0.085521206 -0.4764753 -0.052359924 7080000000
-0.12391848 -0.44505933 -0.031415954 7089900000
-0.14311711 -0.4310967 -0.026179962 7097900000
-0.13439047 -0.41713405 -0.033161283 7109900000
-0.10471985 -0.39619008 -0.05061459 7120000000
-0.066322565 -0.37873676 -0.06981323 7129900000
-0.026179962 -0.34208483 -0.07679455 7140000000
0.010471985 -0.32114086 -0.07679455 7149900000
0.019198637 -0.3071782 -0.080285214 7160000000
0.006981323 -0.27925292 -0.09250253 7169900000
-0.013962646 -0.24783696 -0.106465176 7180000000
-0.02443463 -0.19198638 -0.10995584 7189900000
-0.031415954 -0.13264513 -0.09773852 7200000000
-0.029670622 -0.080285214 -0.080285214 7209900000
-0.033161283 -0.04712393 -0.059341244 7220000000
-0.05061459 -0.012217315 -0.057595916 7229900000
-0.06283191 0.029670622 -0.07155856 7240000000
-0.080285214 0.080285214 -0.07504922 7249900000
-0.09250253 0.13439047 -0.087266535 7260000000
-0.07679455 0.18500505 -0.085521206 7269900000
-0.043633267 0.21816635 -0.078539886 7280000000
-0.010471985 0.2391103 -0.066322565 7289900000
0.010471985 0.25307295 -0.0680679 7300000000
0.019198637 0.27576226 -0.07155856 7309900000
0.006981323 0.30368754 -0.078539886 7320000000
0.0052359924 0.34732082 -0.085521206 7329900000
0.013962646 0.41189805 -0.085521206 7340000000
0.0226893 0.48520195 -0.07155856 7349900000
0.02094397 0.5393072 -0.057595916 7360000000
0.010471985 0.5811951 -0.033161283 7369900000
0.0 0.60388446 -0.013962646 7380000000
-0.015707977 0.6021391 0.019198637 7389900000
-0.0226893 0.5951578 0.033161283 7400000000
-0.02443463 0.60562974 0.033161283 7409900000
-0.017453307 0.63355505 0.0226893 7420000000
-0.0034906615 0.68067896 0.010471985 7429900000
0.026179962 0.7138403 -0.008726654 7440000000
0.059341244 0.71733093 -0.019198637 7449900000
0.07155856 0.7190763 -0.026179962 7460000000
0.066322565 0.7155856 -0.02094397 7469900000
0.04886926 0.70685893 -0.008726654 7480000000
0.036651947 0.7033683 0.012217315 7489900000
0.027925292 0.69464165 0.0226893 7500000000
0.029670622 0.696387 0.026179962 7509900000
0.04188794 0.70162296 0.026179962 7520000000
0.054105252 0.70162296 0.0226893 7529900000
0.061086576 0.7033683 0.0226893 7540000000
0.061086576 0.7225669 0.029670622 7549900000
0.0453786 0.75223756 0.043633267 7560000000
0.033161283 0.7609642 0.0453786 7569900000
0.008726654 0.74176556 0.04188794 7580000000
0.0034906615 0.7260576 0.027925292 7589900000
0.0 0.71209496 0.013962646 7600000000
0.0052359924 0.71209496 0.010471985 7609900000
0.026179962 0.7138403 0.026179962 7620000000
0.055850584 0.7155856 0.034906615 7629900000
0.08203054 0.70511365 0.04712393 7640000000
0.09250253 0.6928963 0.04886926 7649900000
0.080285214 0.6789337 0.04712393 7660000000
0.07330389 0.6527537 0.038397275 7669900000
0.066322565 0.6300644 0.017453307 7680000000
0.066322565 0.6248284 0.010471985 7689900000
0.08901187 0.6178471 -0.0017453308 7700000000
0.11519183 0.62657374 0.0034906615 7709900000
0.1308998 0.6422817 0.0052359924 7720000000
0.13264513 0.65449905 -0.008726654 7729900000
0.1134465 0.65624434 -0.013962646 7740000000
0.087266535 0.6457724 -0.015707977 7749900000
0.052359924 0.6248284 -0.0052359924 7760000000
0.026179962 0.5899218 0.0052359924 7769900000
0.015707977 0.5567605 0.010471985 7780000000
0.015707977 0.5375619 0.017453307 7789900000
0.02094397 0.5235992 0.019198637 7800000000
0.031415954 0.51836324 0.015707977 7809900000
0.04188794 0.52883524 0.033161283 7820000000
0.054105252 0.5305805 0.05061459 7829900000
0.052359924 0.5096366 0.055850584 7840000000
0.052359924 0.45727664 0.034906615 7849900000
0.057595916 0.4031714 0.0 7860000000
0.06283191 0.36128345 -0.02443463 7869900000
0.07679455 0.35430214 -0.038397275 7880000000
0.0907572 0.37873676 -0.034906615 7889900000
0.09773852 0.39269942 -0.006981323 7900000000
0.07330389 0.39269942 0.0226893 7909000000
0.02443463 0.3630288 0.04712393 7920000000
-0.02443463 0.3246315 0.055850584 7929900000
-0.04712393 0.28797957 0.066322565 7940000000
-0.057595916 0.2775076 0.07155856 7949900000
-0.057595916 0.2722716 0.07155856 7960000000
-0.0226893 0.27401692 0.07155856 7969900000
0.006981323 0.25132763 0.054105252 7980000000
0.006981323 0.22165701 0.026179962 7989900000
-0.008726654 0.17627841 -0.015707977 8000000000
-0.017453307 0.14660779 -0.02443463 8009900000
-0.012217315 0.14137179 -0.010471985 8020000000
0.008726654 0.13439047 -0.010471985 8029900000
0.036651947 0.09773852 -0.034906615 8040000000
0.061086576 0.043633267 -0.057595916 8049900000
0.0907572 0.019198637 -0.085521206 8060000000
0.1308998 0.0034906615 -0.08377588 8069900000
0.15707977 -0.0034906615 -0.06457724 8080000000
0.15184377 -0.0034906615 -0.04712393 8089900000
0.1134465 -0.006981323 -0.027925292 8100000000
0.06981323 -0.013962646 -0.013962646 8109900000
0.031415954 -0.027925292 -0.0017453308 8120000000
0.0 -0.04712393 0.006981323 8129900000
-0.013962646 -0.07679455 0.010471985 8140000000
-0.0052359924 -0.09250253 0.008726654 8149900000
0.02443463 -0.11170117 0.0034906615 8160000000
0.052359924 -0.13439047 -0.017453307 8169900000
0.07504922 -0.14486246 -0.0226893 8180000000
0.07330389 -0.14660779 -0.029670622 8189900000
0.06457724 -0.14137179 -0.043633267 8200000000
0.0453786 -0.14835311 -0.057595916 8209900000
0.02094397 -0.16057043 -0.06457724 8220000000
0.006981323 -0.17802374 -0.07679455 8229900000
0.008726654 -0.19547704 -0.09773852 8240000000
0.010471985 -0.2042037 -0.099483855 8249900000
0.0052359924 -0.21467568 -0.09250253 8260000000
0.0052359924 -0.20594902 -0.08377588 8269900000
0.010471985 -0.1867504 -0.087266535 8280000000
0.0226893 -0.17802374 -0.09599319 8289900000
0.033161283 -0.16231576 -0.10471985 8300000000
0.036651947 -0.14486246 -0.106465176 8309900000
0.038397275 -0.12915447 -0.10122918 8320000000
0.036651947 -0.11519183 -0.08377588 8329900000
0.029670622 -0.099483855 -0.06981323 8340000000
0.0 -0.04712393 -0.052359924 8349900000
-0.057595916 -0.05061459 -0.052359924 8360000000
-0.066322565 -0.06283191 -0.080285214 8369900000
-0.054105252 -0.085521206 -0.09424786 8380000000
-0.038397275 -0.10995584 -0.10122918 8389900000
-0.013962646 -0.108210504 -0.099483855 8400000000
-0.0034906615 -0.085521206 -0.087266535 8409900000
-0.0226893 -0.07679455 -0.07679455 8420000000
-0.02443463 -0.078539886 -0.07155856 8429900000
-0.012217315 -0.080285214 -0.059341244 8440000000
0.012217315 -0.085521206 -0.052359924 8449900000
0.02443463 -0.087266535 -0.043633267 8460000000
0.029670622 -0.099483855 -0.043633267 8469900000
0.034906615 -0.12217315 -0.04886926 8480000000
0.031415954 -0.15184377 -0.040142607 8489900000
0.038397275 -0.17104241 -0.026179962 8500000000
0.043633267 -0.14835311 -0.012217315 8509900000
0.04886926 -0.12740915 0.0 8520000000
0.036651947 -0.0907572 0.0 8529900000
0.026179962 -0.09424786 0.0 8540000000
0.006981323 -0.10995584 0.0 8549900000
-0.0034906615 -0.11868249 -0.0034906615 8560000000
0.0017453308 -0.10995584 -0.019198637 8569900000
0.012217315 -0.0907572 -0.033161283 8580000000
0.019198637 -0.07679455 -0.059341244 8589900000
0.012217315 -0.054105252 -0.07155856 8600000000
0.010471985 -0.040142607 -0.057595916 8609900000
0.006981323 -0.038397275 -0.034906615 8620000000
0.012217315 -0.015707977 -0.012217315 8629900000
0.034906615 0.029670622 -0.019198637 8640000000
0.0453786 0.043633267 -0.026179962 8649900000
0.031415954 0.0453786 -0.031415954 8660000000
-0.02094397 0.0052359924 -0.04188794 8669900000
-0.057595916 -0.04712393 -0.043633267 8680000000
-0.09424786 -0.10297451 -0.0453786 8689900000
-0.16580643 -0.120427825 -0.0680679 8700000000
-0.19024105 -0.106465176 -0.059341244 8709900000
-0.14137179 -0.055850584 -0.05061459 8720000000
-0.078539886 0.026179962 -0.017453307 8729900000
-0.008726654 0.09773852 0.010471985 8740000000
0.0453786 0.108210504 0.029670622 8749900000
0.06283191 0.059341244 0.033161283 8760000000
0.04188794 -0.0017453308 0.008726654 8769900000
0.02094397 -0.0226893 -0.02443463 8780000000
0.034906615 -0.0226893 -0.055850584 8789900000
0.06283191 0.006981323 -0.066322565 8800000000
0.08377588 0.015707977 -0.054105252 8809900000
0.08901187 -0.010471985 -0.033161283 8820000000
0.08203054 -0.036651947 -0.029670622 8829900000
0.080285214 -0.054105252 -0.027925292 8840000000
0.061086576 -0.054105252 -0.010471985 8849900000
0.026179962 -0.031415954 -0.02443463 8860000000
-0.0034906615 0.015707977 -0.0453786 8869900000
-0.038397275 0.09250253 -0.066322565 8880000000
-0.0453786 0.12566382 -0.07155856 8889900000
-0.0034906615 0.09599319 -0.080285214 8900000000
0.038397275 0.06283191 -0.066322565 8909900000
0.06283191 0.038397275 -0.059341244 8920000000
0.059341244 0.054105252 -0.06981323 8929900000
size: [224 1]
0.0
39588888.8889
67688888.8889
109011111.111
135600000.0
175155555.556
204800000.0
241155555.556
275933333.333
310277777.778
345000000.0
378177777.778
417433333.333
448811111.111
484944444.444
517088888.889
551388888.889
585033333.333
616566666.667
646555555.556
680433333.333
710022222.222
742866666.667
778422222.222
808988888.889
846288888.889
878133333.333
913000000.0
949688888.889
982688888.889
1055755555.56
1088144444.44
1120533333.33
1193811111.11
1223588888.89
1257844444.44
1326944444.44
1365011111.11
1393744444.44
1465355555.56
1498822222.22
1530744444.44
1600711111.11
1633244444.44
1665388888.89
1732888888.89
1767322222.22
1800100000.0
1835766666.67
1909433333.33
1941300000.0
1972488888.89
2043877777.78
2076633333.33
2109188888.89
2141444444.44
2212144444.44
2248455555.56
2276455555.56
2344588888.89
2376255555.56
2443333333.33
2474588888.89
2505844444.44
2573066666.67
2604966666.67
2672322222.22
2704522222.22
2772255555.56
2805611111.11
2843233333.33
2910333333.33
2942933333.33
3010477777.78
3044211111.11
3076077777.78
3109477777.78
3185988888.89
3219622222.22
3251466666.67
3322833333.33
3356922222.22
3388300000.0
3457388888.89
3490400000.0
3524466666.67
3555855555.56
3625722222.22
3660377777.78
3693988888.89
3727800000.0
3794188888.89
3829111111.11
3862944444.44
3932966666.67
3966000000.0
3999033333.33
4029855555.56
4062111111.11
4133655555.56
4165333333.33
4197655555.56
4265155555.56
4297733333.33
4330666666.67
4399722222.22
4431055555.56
4496444444.44
4528688888.89
4561511111.11
4627922222.22
4661033333.33
4692666666.67
4762855555.56
4796366666.67
4827922222.22
4859300000.0
4927066666.67
4957844444.44
4991233333.33
5059733333.33
5092300000.0
5160477777.78
5193911111.11
5226533333.33
5258688888.89
5325811111.11
5354055555.56
5379511111.11
5403777777.78
5430444444.44
5456633333.33
5481177777.78
5508700000.0
5540833333.33
5573122222.22
5605233333.33
5638177777.78
5675255555.56
5703644444.44
5738011111.11
5772377777.78
5804777777.78
5838088888.89
5871222222.22
5904355555.56
5939144444.44
5973022222.22
6005111111.11
6038355555.56
6071066666.67
6104855555.56
6138188888.89
6171644444.44
6205000000.0
6238511111.11
6271333333.33
6305422222.22
6338288888.89
6371711111.11
6405133333.33
6438555555.56
6472088888.89
6505455555.56
6538955555.56
6572455555.56
6605222222.22
6638622222.22
6671666666.67
6705388888.89
6738877777.78
6772366666.67
6805666666.67
6838966666.67
6872111111.11
6905811111.11
6938955555.56
6971988888.89
7005666666.67
7039344444.44
7072711111.11
7104522222.22
7139611111.11
7172122222.22
7205344444.44
7238766666.67
7271933333.33
7305311111.11
7339677777.78
7372166666.67
7405388888.89
7438922222.22
7472455555.56
7505611111.11
7538977777.78
7572344444.44
7605566666.67
7639033333.33
7672266666.67
7706177777.78
7739322222.22
7773377777.78
7806533333.33
7840277777.78
7878455555.56
7912577777.78
7950322222.22
7981277777.78
8016966666.67
8058533333.33
8088222222.22
8122377777.78
8159722222.22
8194044444.44
8227933333.33
8260722222.22
8292888888.89
8328633333.33
8359366666.67
8392722222.22
8426422222.22
8458088888.89
8491855555.56
8526466666.67